9.357712528285811 14.211124528181852 1.9161844517726594 0.06260558566621406
9.707261800113159 18.806467518563036 1.9804987325041254 0.022236018246292115
9.487109893595314 20.57434328568574 2.058846931493184 0.017332425704604693
10.066351059779816 12.044617434192459 2.104579403268889 0.01471104577706581
9.973829654712548 15.586779423665895 2.1435587328932044 0.011905894265539651
9.868920057111819 16.663640174406563 2.1859229747730784 0.00982067130237246
10.305259229828737 14.356755562423439 2.204497595072389 0.006236715738878278
10.190662612897208 15.411537204779737 2.2233856517008967 0.004946974813828362
9.864298078518267 20.82011881178161 2.244320920821095 0.007262317171845431
10.242014791974496 14.115053096234236 2.267393036289937 0.006314011923408174
10.318438189431674 14.47632628622417 2.286344610151918 0.004771304266575247
10.21099585146344 23.02993604694979 2.312796381668266 0.012254477349835176
10.54842591239973 18.087575686599138 2.343448188534335 0.013093311246950803
10.438281594218198 18.360012782221254 2.4116648326972983 0.01613038229681206
10.788692159342466 15.131433621116933 2.444454035116217 0.03181044583749913
10.998455757363587 15.23942148810252 2.5304257646247383 0.00026083232244230534
