9.058237684175031 0.313502939970441 -0.30731271948976935 0.2076601947608924
8.979132743445948 0.4438593552523296 0.11155917845414391 0.13894157906858925
8.969056117189277 0.3856795546813913 -0.18915918728801528 0.18738687321180342
8.861069689645761 0.6087482388056532 0.34134472194568743 0.05820896773445657
9.017824662490789 0.2987394602324652 0.07478274631637542 0.12310147989061204
8.99758579177952 0.4175389066845363 0.28833326498840756 0.18863415236525072
8.762775125884668 0.7503272863238253 0.13509848532022567 0.15018460887610846
8.97347478117254 0.3997139864356866 -0.11930562892512644 0.16357047559618204
8.922076127125722 0.5362903236166433 0.1597107625370206 0.1710574422850575
8.910626760947766 0.6453601969192981 0.345225398760135 0.1360322465649418
9.108926484909215 0.3534707550385399 0.38526408661107686 0.1274477592760073
8.968223777543644 0.5421335045323423 0.2819379099574995 0.13214007345848625
8.737633795528133 0.8335605791713621 0.1655751383759758 0.04708588412733554
8.919834449978929 0.43452903279941185 0.011220757623523423 0.15420435003587044
8.843905451076417 0.7060417801794382 0.26794312292176115 0.14064883016719523
9.024655718626121 0.3074962191923886 -0.15461751938633475 0.06990827660035301
9.303472323858065 0.16103856066294098 0.291631927145158 0.136850567780336
9.104800082482402 0.27105724689453015 0.02651005311964164 0.14861867054035824
8.967765483759443 0.29725324014793486 -0.2789179268549999 0.3919048355540895
8.819223196177106 0.7614126563298105 0.46617498044258965 0.039546749873531954
8.907945214812129 0.4370196535349321 0.028629613505754603 0.14498658111672336
8.77299304885277 0.6748739848834922 0.20579120662848083 0.04176099689439044
9.008774143246326 0.3780609237161398 0.3340603658121486 0.18273897957378885
8.946186031305656 0.558384707964851 0.21338546981824338 0.044327696721540945
8.972396971279567 0.3720498075113918 0.06409408807208879 0.15922191497661942
8.962751570231791 0.4464953936510653 -0.25275142424391067 0.400783704570895
9.045488027401602 0.35224029911924964 0.3272681042031938 0.1703507378385449
8.952549234085545 0.395943392307391 0.12291691176814505 0.14287584442121815
8.881261951058818 0.5091449679872998 0.0929684677267532 0.05376176067382985
8.807644736523109 0.6917064538451846 0.480245016503855 0.020755725180771345
9.09607788095848 0.24422063848065834 0.18916481118895437 0.17416185462503056
9.142106409824908 0.3787149467992563 0.24334688494029444 0.13664459963521136
8.817738960912395 0.6907412743656287 0.3095941632669498 0.14530508858315225
9.148308537873493 0.24970744218703453 0.30141765308436214 0.17594697748355517
9.08127277560345 0.33213116297666595 -0.03289482325086902 0.15369027632976684
8.822075101793144 0.6647033525231405 0.2834503054405476 0.033117131472848706
8.791308297121338 0.5465709796590443 -0.17320913631493834 0.1693097479712998
8.784072155757055 0.7522818569445043 0.32902164109222914 0.04862613655555321
8.823207760375361 0.5537325764307776 0.14765147957207106 0.355397449272773
9.080567220934277 0.3266252184876626 0.2766228138800442 0.21200228437290153
8.834803231365425 0.5441446478186402 -0.14219267685126077 0.06440781753561299
8.840177970150911 0.7483717990525554 0.2455506112130959 0.13643268576681622
9.18084711445038 0.223207742865189 -0.6029946708623668 0.39781964429311095
8.800238496053865 0.6514550301603703 0.17058346139618963 0.019164151167417105
9.007228205235075 0.3177807082663104 0.18076607025258093 0.17146146252746458
9.061073778162235 0.33633251081473087 0.2759589355785136 0.16365780800680943
8.883156997256027 0.5182638324876618 0.2053443183132378 0.14778929226137277
8.77308950551851 0.634982725416935 0.2695899495334005 0.16420799996180077
9.308838750454333 0.19497232474223508 0.37917766419077903 0.1724193629062067
8.882497775308492 0.4397961661971087 0.06660616495859452 0.1501004675672926
8.82746522060293 0.606749442655605 -0.043926930740305674 0.046796250777491354
8.98889440811413 0.5121577116007027 0.39535577030758756 0.14745280309549116
8.879938532026378 0.43103213938139706 -0.03974773113956355 0.04989948258143893
9.013561043843252 0.47195464091406114 0.3915029609968957 0.13613160528939885
8.968777681417436 0.4980876207184328 0.1866358772171311 0.023792216119942526
8.888909186426481 0.5784232585939163 0.38037708455722324 0.17613477928121718
9.011072532517213 0.45935812530282394 0.12468234461762458 0.14183856516014628
8.949667824335679 0.39337691794427093 0.15003031315790516 0.13944143306766213
8.846519810510719 0.599003057079834 0.1409568342538182 0.16021921415199966
8.827199062448805 0.7342218541824865 0.3519701510257414 0.34287609314781614
8.838702353339228 0.5749815552658588 0.3533364106114171 0.1638234209936476
8.981849442924124 0.343988965958747 -0.05929121611846222 0.14123780513324685
8.931551854027177 0.5003153746084018 0.21924649996638015 0.1536757764544231
8.916006859126023 0.35536286600799794 -0.07609878485999115 0.14329730460588705
8.815006731887992 0.7276046758112089 -0.07465196324018983 0.38163259239242514
8.909177319119049 0.6765357949988318 0.3801037179303381 0.15252383209202677
9.0684215110742 0.47212342835200155 0.5317126631085862 0.1449900960932088
8.908146382357526 0.5698031475025859 0.25302360546776675 0.02263378485684762
8.830704035873381 0.5188712445994647 0.16846973828303546 0.14987328716007833
8.750965729275284 0.720944161295761 0.15438983603220988 0.1410491298470565
8.897011831329197 0.6975009794657197 0.34593184823409323 0.14352103387817325
8.917396460182168 0.5423702367382577 0.19718891280560236 0.1883354756843332
9.00734294198328 0.35712865132583027 0.33114073244409736 0.170333808746355
9.07203522835553 0.3393566211304018 0.17875699024893565 0.1291755677861941
8.8977897035879 0.5412659502855168 0.32730344657605576 0.16817459573383786
8.871022097326838 0.5323270166201235 -0.1466997639646653 0.17545106126438068
8.766096884972555 0.7458842259019733 -0.4116916341998014 0.42289624587420954
8.798738697540182 0.8915819497741059 -0.03633775363012008 0.15384837130438964
9.14409925037274 0.21971340694448302 0.13744420553055375 0.15292003008455962
8.857507061042469 0.7776623428360357 0.11833474594958594 0.15536412840303945
9.052972437347155 0.3965692549613049 0.24981986749978316 0.13369056126641285
8.861515336614232 0.6536046182206435 0.23010572139337057 0.13981738268612848
8.826868260723005 0.44074541478797036 -0.23978342477461884 0.1945718371301793
8.796015966791387 0.8898560448319899 0.25460472669946793 0.13819975013189428
8.802224311929095 0.6923615396650021 0.41276504960786486 0.05389108062654283
8.865579766763878 0.5450042132655459 0.19176699850206474 0.0317270323072269
9.047373603932467 0.23645877789417538 0.572635832316915 0.11328763071180456
8.927512283648541 0.43115216355920366 -0.007553498377278617 0.1544601509754225
8.812907497275901 0.6318833672842952 0.06406694358582185 0.1716540642570594
8.704227014908314 0.8072564405317381 -0.200216342226239 0.16701821768338343
8.934561513477176 0.5137990892411827 0.3292316457571055 0.15385215069332597
8.830604545898355 0.7864592356241569 0.2702796228235756 0.18549411821110945
9.21355099948028 0.24677844129827153 0.05826216774112143 0.14545742995563365
9.102687687044263 0.3110222102355304 0.34534896264147674 0.1488875675493631
8.888940972538187 0.46672305874048853 -0.4670400611792855 0.17487712372434813
8.777603556431366 0.6956872941553542 0.22195773268801186 0.03659305239971382
8.9569936834465 0.5647768367094277 0.3788711158125737 0.040611276016884135
8.756957164914237 0.6553638855523358 0.07995253743566524 0.04214518679670059
8.827164273796376 0.5559190605145686 0.1668249311552643 0.1554971532859607
8.81684805111721 0.5936293129655988 0.18599248437500318 0.3701689057729904
9.033774027628715 0.39274408906651326 0.09589212616838838 0.1548501818146937
8.880719103385458 0.555870685538569 0.26789397437908946 0.16210982682731162
9.019178598642954 0.5741470397106003 0.4826806761199123 0.15858619898627302
8.859498816190543 0.7451612942680873 0.2934867517656493 0.14965223741866418
9.21718297530656 0.18818068188899048 -0.12230911311234922 0.15895625095179794
8.948550228503235 0.6199759219827393 0.32640443421645454 0.14877021784036648
8.809374115305705 0.7464741576556048 0.3409723948243174 0.16245548359272857
8.720200946387159 1.026557382756458 0.023599434631739715 0.14401182779728758
8.790186166205348 0.8693509169097074 0.3899122455771479 0.1638449696474161
8.815103997016898 0.7201398054410724 0.1284545489426407 0.16760134895205175
8.788153972370138 0.7446228908635036 0.21223434159866433 0.1364739369409263
8.924866035738296 0.5210560834407878 0.12966102382415592 0.13902943402899515
9.085542437133746 0.3868592824238146 0.3191381630120332 0.1750568614771754
9.068021016587068 0.32346334252297565 0.40577429151785915 0.13839780463048665
8.903642831930908 0.5748470983886763 0.2765010811995235 0.03454825015753938
8.914851846937006 0.5827888836653301 0.1105374807208495 0.1364151320715322
9.174150130662557 0.22917354580656557 0.09460586087986718 0.19305492880254427
8.87611893765859 0.599692507737577 0.04447254274391351 0.1563902519842721
8.78450512980953 0.6433879126601041 0.5253469923157764 0.028023990877005564
8.802889732753773 0.6002600276628824 0.21280225840942094 0.17228238305877014
9.106370055920538 0.2542696933346614 -0.4268806985782398 0.1814472828265567
9.228288729758214 0.19009030399240537 -0.025551956487856374 0.15658710398029932
8.93576760023351 0.5773597110499182 0.344166037170688 0.12325737413861328
8.898524970464296 0.7584117283289268 0.29267205254445333 0.1678136424838422
9.148031403276224 0.20803397321636707 0.09634792085326246 0.15493573692665794
8.773898773730002 0.7036066121790862 -0.10730112821097632 0.04410527864281246
8.783779199253857 0.8140920372860162 0.10307704848630614 0.1598367887275535
8.892714354457132 0.7455289890037299 0.26408718008049475 0.12715061267415004
9.034080731250551 0.3625180487713946 0.20465871954764614 0.13560073047784144
8.993801139899226 0.5734848974215002 0.48574418499088906 0.14098012109811334
9.057686207661131 0.3811939653339858 0.10139904860999009 0.19440251777646367
9.054919422604904 0.3637648473942466 0.16630136088609995 0.17470775793017165
8.833551770519332 0.7613259255318675 0.20212028999584825 0.013721234817427036
8.900001123416843 0.5346730848758277 0.14596306411352322 0.15598522955517224
8.92273418052329 0.48027840053915866 0.013090238360522624 0.04652348124266347
8.740787892778803 0.8274953310759102 0.03876447597912475 0.14680855439030546
9.02395313372633 0.31371836186786994 0.24187213146333614 0.14758001475263735
8.818398482749018 0.7549427342090617 0.1634348797922901 0.14381408970819817
8.89442225640807 0.6401764376533441 0.21470846336753552 0.1566636892997755
8.828484599908903 0.6686782878326301 0.43360332137930396 0.16122999650072584
8.933336301386559 0.439991498129537 0.3041910647530279 0.16048400880007657
8.804837070092479 0.8244746838395535 0.1271271087537297 0.13413123778177347
8.926425057535129 0.5072165090355373 0.34339720045009015 0.02506666458092549
9.05242257145156 0.22071097847219218 -0.23571849430105365 0.17398027638991168
8.817316914425614 0.7019750534134255 0.09583406028575608 0.1460756008307429
8.755584769901935 0.9046744813825672 0.3087228036252777 0.15455725900021927
8.955524650450167 0.5051396588668827 0.4396913681333051 0.12446135608522774
8.73269908789796 0.7486248883060322 -0.3020487243958316 0.3942130706836592
8.82241462730832 0.7042595969159193 0.3045234879354529 0.1721475678416763
8.762704306847457 0.6887340808299853 0.2705479882676272 0.15755651837261644
8.788139972922798 0.6621738773446015 0.061467583106834936 0.05396507076494627
8.851752801398776 0.7229112354767334 -0.16784947699835967 0.1683153836663945
8.859542919003305 0.6285636090489021 -0.05022157423146602 0.1501215626409087
9.11610735754536 0.503978679611852 0.5334170259347283 0.12597157638370277
8.980384252463969 0.39201695535130227 0.2529315951120605 0.14284745437562954
8.831563912451449 0.5846127849005364 0.2306099479542732 0.16396084458202978
8.842229736521777 0.5817575621539315 0.219274999555246 0.15293037144842328
8.944699275090523 0.7137157314938882 0.23578819025806244 0.1383267176169833
8.92467184382374 0.6731700721534793 0.32317707719530275 0.129684299517813
9.043278214761074 0.5976897054797382 0.24341285126878917 0.15235053496523587
8.90141937954246 0.5492378767192555 0.3478115054659273 0.12318215414896964
8.817935134454011 0.7067352680568023 -0.12338623775202419 0.16111708806801683
8.854435380756563 0.6508945075440814 0.2821976000510722 0.1564711548920007
8.978559247144899 0.5786047574095188 0.28347677154113693 0.13937283667280012
9.008176502753397 0.5618538093664004 0.25122253570678466 0.13163294877794818
8.778298469090329 0.7437272503513137 -0.007347468975140739 0.029471020188899535
8.746379709166142 0.9111399015245729 0.3153384352354417 0.1719697253891656
8.81421080158432 0.6421919512834522 0.06710327622565045 0.14020172823251326
8.771198207476846 0.8800563834050098 0.4181193221242957 0.15779367882540948
9.181666168153138 0.22151631991587065 0.21503118848025687 0.03926374006792654
8.978944723515783 0.564176911120319 0.24187086589961473 0.16804725996359485
8.889893582418434 0.5094836894072583 0.22858739587182691 0.17125602671807647
8.811818122774143 0.6735777547083551 0.05695663305835008 0.1747851135585082
8.919763662736102 0.603224086060778 0.2939698822295044 0.1822333040925681
8.84509869251982 0.5971661231032008 0.21862289448482491 0.1615991597952282
8.805901942451836 0.6100254150685025 -0.00010796558681401454 0.15513924220368822
8.706577951815362 0.8175314881209609 0.45520767000959544 0.1296170595948609
8.747626308791675 0.9964714426946741 0.10398875142853313 0.16427533020666266
8.93381380620404 0.33485380249181834 0.14910696271315654 0.02150926002989135
9.113995450959248 0.19022143307056336 -0.024688100931353617 0.1621682852388403
8.89477396488146 0.5059152448364206 0.1386641219982025 0.13472919063368047
8.91557975063221 0.7884674183097009 0.2967876347669598 0.12781674674701207
8.801294437770371 0.9099055325616658 0.22043271366312753 0.031070942396977132
8.766008744120617 0.8806385202320312 -0.0027941221669776748 0.25583682622113835
8.95209304540251 0.652014038264149 0.39923514901376206 0.15338151799563077
8.969930331046854 0.6217520744040469 0.016251100583590205 0.14641226537823213
8.950439197646313 0.651102317109358 0.4502249001833126 0.1552342770378297
8.792036783291852 0.49899491920833383 -0.06095766668248024 0.18266152582411385
8.965820123564363 0.35739777299495973 0.011138791044382961 0.1537028078393691
8.94919253788578 0.5374134503170157 0.25698771857901376 0.16479288079783036
8.81250908285276 0.7494016058543511 0.38577442453160715 0.15132996661875597
8.803009846909372 0.81156913208442 0.11758183480133581 0.1360283674507105
8.94702528075078 0.5037166809169785 0.10350442902874099 0.1390467512534964
8.924720737822478 0.5182416502545971 0.15273927410913624 0.14490025091387349
9.383699105276328 0.1061420833241545 0.059602780814248704 0.1712000608584756
8.902247724492288 0.5602790942606416 0.30594452275034006 0.16336496698283354
8.790569883497811 0.8771782268194942 0.31739697147914203 0.14494807565046772
8.943796839477061 0.4989362230039208 0.24984214458821485 0.05439338415054796
9.102997227361318 0.3174880640017447 -0.012289377973117853 0.14370540884657226
8.691189319173446 0.8723060295125283 -0.15506331980148244 0.1618655699247478
8.907217450538903 0.6037423021160233 0.3406218537966647 0.16974417063366715
8.860713288384334 0.8105929425681035 0.008640762491306846 0.17469297185397248
8.778476362829416 0.5770390658794886 0.22713721012770385 0.18450106475847147
9.268213815654802 0.161202019425839 -0.17300497622834857 0.1879755368201305
8.926015373862093 0.6816659050729049 0.4638460308702754 0.14596703168478353
9.17025576305594 0.2836667751887235 0.14305704223086177 0.16317211398689785
9.284218572543672 0.2705962241091803 0.0995000089284164 0.15549629070318
9.404462041067207 0.11827489394533865 0.25932881253784884 0.16108837786506894
8.735790824129424 0.627810895482432 0.13971154924041068 0.14884397648798806
8.985964810695009 0.41361706891359246 0.017526266852026812 0.13920104231847355
8.836176715039219 0.7655981696960839 0.0930265100677951 0.12983463169703968
9.007890379039251 0.3844639837752733 -0.020776438081139725 0.1490643787871957
9.224837042778345 0.1569935169518893 0.0050755321445912225 0.2751184793063705
8.990633037768385 0.5176102792510645 0.20877016736079912 0.13702773168006863
9.120971442553246 0.308995105725088 0.4006589554407388 0.1440990787613954
8.853257525790426 0.5866045452654476 0.37573572893136237 0.16459964147032186
9.189654363962923 0.1967716140414544 0.14292904115121777 0.17254647270766116
9.294406887872267 0.12603708301276534 -0.040531243432070686 0.14922544307258648
8.758084357749102 0.7058478596066268 0.27342318499114826 0.13720934880126892
8.994950183580062 0.28969658913511387 0.3339294879709618 0.1604138401586213
9.138614576403656 0.2707890372965591 0.18911402675478994 0.14886522688944842
9.080295488080955 0.3124431961170241 -0.25271416619633036 0.0722542617174382
9.125766909751198 0.35906228764815823 0.2570683771444756 0.15944881325286256
8.817217617319862 0.6985394834440406 0.3096397842289446 0.15457567934773253
8.865549564079572 0.6005735662117646 -0.16085151248675528 0.3955405301486631
8.787190724220372 0.7568491570276268 -0.09600834942195541 0.40006014371159193
8.974528411599426 0.4187804420564244 -0.0085982964866453 0.1337418642438118
9.166973005815116 0.28799226707042336 0.16423966617372784 0.16802749203633574
8.938064430712798 0.5361381448109744 0.36568345019746196 0.17566114554378373
9.136239932151748 0.34425590742943535 0.3294074591483854 0.16406535583736678
8.876066034379207 0.652335035374509 0.1635566856949487 0.1423766621100259
8.832564352778498 0.6489623356242695 0.4222047512152057 0.14170661551614724
9.021975896629337 0.4015210959209462 0.2562529819223366 0.13791200746847923
8.7618271796767 0.8190349726978178 0.289025858157983 0.16164441273134228
8.874531485855229 0.5350993453272226 0.4495062527917843 0.03213633572992236
8.875278626682462 0.7183688859213573 0.4542892484880569 0.14800249028338286
8.8301763668566 0.5403901250112968 -0.06635233051929 0.36947265696334575
8.907217443006777 0.45783620325538443 0.08064478056839972 0.1360616874670685
8.764189514908944 0.6914152572022771 0.2078895045556665 0.13734155496138428
8.802437411680733 0.557753193073554 0.15547929166804317 0.14559915867826562
9.02701117687643 0.32440602472775687 -0.011891842505762081 0.13935624963128493
8.953659435326397 0.44269486000043834 -0.009846502956725074 0.14735674494380493
9.03312422136106 0.4012705928258695 0.20825063019416126 0.13316100962030802
8.984413717576885 0.3934764665134775 0.2837199220353641 0.15400845036144797
8.889926724111277 0.5918240964089981 0.3206214408773721 0.16654045820439048
8.947901768584524 0.5225068142679489 0.3432622959087008 0.18127055528414898
8.907178941498303 0.4705083967626014 0.1472754392133231 0.13383047447540372
8.906924000164578 0.5281224718974536 -0.2275973646824664 0.37493938610799565
8.84551247692182 0.5099944706113382 0.26225794677426195 0.17492793286010244
9.05512559823191 0.3802320089495904 0.09554744253230298 0.030161803218041496
