9.058237684175031 0.313502939970441 -0.23397494624611287 0.1728440661638019
8.979132743445948 0.4438593552523296 0.20846222859116537 0.0214590413659644
8.969056117189277 0.3856795546813913 0.034789513554305165 0.05942318875442075
8.861069689645761 0.6087482388056532 0.3329965907549062 0.043483018279022255
9.017824662490789 0.2987394602324652 0.06033048098812039 0.0374285590289299
8.99758579177952 0.4175389066845363 0.2176521017997751 0.049296933656858
8.762775125884668 0.7503272863238253 -0.05461776032383502 0.0421016712961692
8.97347478117254 0.3997139864356866 -0.10304282686043825 0.13871338095745014
8.922076127125722 0.5362903236166433 0.28203475385866456 0.026391205201300307
8.910626760947766 0.6453601969192981 0.3225002353793263 0.037784848525952104
9.108926484909215 0.3534707550385399 0.40068102670753636 0.10951217955237579
8.968223777543644 0.5421335045323423 0.33603777985352096 0.026793125003229144
8.737633795528133 0.8335605791713621 0.20429060040601396 0.045711934087416965
8.919834449978929 0.43452903279941185 0.02142697758956996 0.13152055844251345
8.843905451076417 0.7060417801794382 0.38233354607236586 0.10432975002739202
9.024655718626121 0.3074962191923886 0.19675037010513563 0.04122044227089439
9.303472323858065 0.16103856066294098 0.29976844365157623 0.11449801403201085
9.104800082482402 0.27105724689453015 0.07069556382431591 0.03753653091747054
8.967765483759443 0.29725324014793486 -0.40228230235539275 0.2826123701090558
8.819223196177106 0.7614126563298105 0.5119675983985441 0.048864012215176035
8.907945214812129 0.4370196535349321 -0.00030157170499395914 0.04809084588412504
8.77299304885277 0.6748739848834922 0.37507679780276965 0.035095870194832714
9.008774143246326 0.3780609237161398 0.28604833618102327 0.14651133165969932
8.946186031305656 0.558384707964851 0.2761297450672329 0.036465391542157714
8.972396971279567 0.3720498075113918 0.021547923164924748 0.05798970507800189
8.962751570231791 0.4464953936510653 0.36597251161525324 0.2549866676819807
9.045488027401602 0.35224029911924964 0.2938712523865947 0.06197603308453947
8.952549234085545 0.395943392307391 -0.026880188082258016 0.05636475193033325
8.881261951058818 0.5091449679872998 0.08821576208109935 0.0438244803446213
8.807644736523109 0.6917064538451846 0.47733973293601484 0.023414178676862556
9.09607788095848 0.24422063848065834 0.17849508003338677 0.0485789718702759
9.142106409824908 0.3787149467992563 0.29778588036936027 0.024154401235679364
8.817738960912395 0.6907412743656287 0.21539483628842318 0.032838483320397634
9.148308537873493 0.24970744218703453 0.2658223492987165 0.15789539674547023
9.08127277560345 0.33213116297666595 -0.06957807784250654 0.13835816444643426
8.822075101793144 0.6647033525231405 0.32051413679327095 0.03152778541772943
8.791308297121338 0.5465709796590443 0.048604244155997296 0.059024545190342295
8.784072155757055 0.7522818569445043 0.30406483229372433 0.03863407044526467
8.823207760375361 0.5537325764307776 0.045622728258836544 0.23914080564641907
9.080567220934277 0.3266252184876626 0.25371304285539276 0.1575924452543661
8.834803231365425 0.5441446478186402 0.3800446528096271 0.05546675940265808
8.840177970150911 0.7483717990525554 0.48906121469616404 0.04424295896516362
9.18084711445038 0.223207742865189 -0.17942243364048815 0.2745161847741911
8.800238496053865 0.6514550301603703 0.1974668641864389 0.03769392208161258
9.007228205235075 0.3177807082663104 0.18613708456529288 0.05342480358283589
9.061073778162235 0.33633251081473087 0.25640499338485806 0.03970499944339505
8.883156997256027 0.5182638324876618 0.27703270648126954 0.053758991968935944
8.77308950551851 0.634982725416935 0.2289830678684858 0.06416280832549126
9.308838750454333 0.19497232474223508 0.365959653131296 0.14950572526310424
8.882497775308492 0.4397961661971087 0.07509203225443142 0.0350647367038065
8.82746522060293 0.606749442655605 0.1620450333605478 0.023379662010305485
8.98889440811413 0.5121577116007027 0.37269164832773016 0.04219320954337886
8.879938532026378 0.43103213938139706 0.03438548306195921 0.04068761296559638
9.013561043843252 0.47195464091406114 0.4097168582706027 0.03555988605958811
8.968777681417436 0.4980876207184328 0.10618578072360169 0.03264958555579811
8.888909186426481 0.5784232585939163 0.33438975434050505 0.06823560041714148
9.011072532517213 0.45935812530282394 0.2538860858626853 0.025705742754707165
8.949667824335679 0.39337691794427093 0.16835916782287408 0.03655198867429654
8.846519810510719 0.599003057079834 0.15611505645144486 0.04736921511869217
8.827199062448805 0.7342218541824865 0.3617121791282602 0.32110325285910263
8.838702353339228 0.5749815552658588 0.2187666105583806 0.08520230044021386
8.981849442924124 0.343988965958747 -0.04749383294151489 0.035934429315194256
8.931551854027177 0.5003153746084018 0.19531379709905905 0.03709678621894758
8.916006859126023 0.35536286600799794 -0.08286550299157075 0.12445716185731193
8.815006731887992 0.7276046758112089 -0.16009968131399674 0.2887636496317522
8.909177319119049 0.6765357949988318 0.37334929672954736 0.038879197773955834
9.0684215110742 0.47212342835200155 0.5298464128905965 0.03509976092284314
8.908146382357526 0.5698031475025859 0.19790449852434233 0.022710080130886184
8.830704035873381 0.5188712445994647 0.13502883063109117 0.13494559562726546
8.750965729275284 0.720944161295761 0.22219957135868942 0.03214413864352064
8.897011831329197 0.6975009794657197 0.40498111041412216 0.030153629176984702
8.917396460182168 0.5423702367382577 0.2825974439763199 0.1370332651525007
9.00734294198328 0.35712865132583027 0.26035093938048415 0.0641610891961422
9.07203522835553 0.3393566211304018 0.17875699024893565 0.10746475580182592
8.8977897035879 0.5412659502855168 0.2532872381445895 0.06370785506751507
8.871022097326838 0.5323270166201235 0.0635810006162469 0.1286742790950117
8.766096884972555 0.7458842259019733 -0.40228751697279624 0.4153202863944124
8.798738697540182 0.8915819497741059 -0.08053445235004397 0.04167452810420299
9.14409925037274 0.21971340694448302 0.10784415211802235 0.14908134928210406
8.857507061042469 0.7776623428360357 0.2069468273232388 0.038649087065810446
9.052972437347155 0.3965692549613049 0.30645380424460644 0.0335667833591467
8.861515336614232 0.6536046182206435 0.10490133197866376 0.030562626032726494
8.826868260723005 0.44074541478797036 -0.18520942611112623 0.0708139573598105
8.796015966791387 0.8898560448319899 0.38022692406976283 0.02784589904704598
8.802224311929095 0.6923615396650021 0.3941243226426737 0.02848086556120752
8.865579766763878 0.5450042132655459 0.20186973144345846 0.02597795976828989
9.047373603932467 0.23645877789417538 0.5518875501082156 0.00803283969295826
8.927512283648541 0.43115216355920366 0.11420462245628236 0.04331104800984205
8.812907497275901 0.6318833672842952 0.15959853781506753 0.047286368438268944
8.704227014908314 0.8072564405317381 0.1444131513787618 0.1296484383328964
8.934561513477176 0.5137990892411827 0.3353020726237296 0.04624759063873402
8.830604545898355 0.7864592356241569 0.16653558722436515 0.05290717281281182
9.21355099948028 0.24677844129827153 0.06702917526156704 0.12498898912243005
9.102687687044263 0.3110222102355304 0.3722663757970193 0.06280661982511249
8.888940972538187 0.46672305874048853 -0.4387741759052591 0.19213371554387462
8.777603556431366 0.6956872941553542 0.08570201206821491 0.050227118150620836
8.9569936834465 0.5647768367094277 0.2745720792897715 0.04693395528522907
8.756957164914237 0.6553638855523358 0.07071674949200465 0.061235851760150985
8.827164273796376 0.5559190605145686 0.1735739447344369 0.03427382989812495
8.81684805111721 0.5936293129655988 -0.07995283505791415 0.26242723134863116
9.033774027628715 0.39274408906651326 0.0858145673418812 0.13022114497396067
8.880719103385458 0.555870685538569 0.2824380843122228 0.04439329084785082
9.019178598642954 0.5741470397106003 0.4638368835960285 0.017424161408907228
8.859498816190543 0.7451612942680873 0.2876837256280807 0.03140486723212758
9.21718297530656 0.18818068188899048 -0.14682107246031195 0.14096650905014615
8.948550228503235 0.6199759219827393 0.30997583808234963 0.13345277875315095
8.809374115305705 0.7464741576556048 0.3553969297747223 0.05602642762473647
8.720200946387159 1.026557382756458 0.20687829976023178 0.015525072567690014
8.790186166205348 0.8693509169097074 0.38752811749867244 0.14410802826829747
8.815103997016898 0.7201398054410724 0.13617367610732095 0.14150700323701443
8.788153972370138 0.7446228908635036 0.22969544535732483 0.1531166513729928
8.924866035738296 0.5210560834407878 0.1471650447098852 0.02895655478092325
9.085542437133746 0.3868592824238146 0.30385350068207684 0.14048290552381038
9.068021016587068 0.32346334252297565 0.40475331770004425 0.047680775387661425
8.903642831930908 0.5748470983886763 0.3113389041267191 0.021845600837443174
8.914851846937006 0.5827888836653301 0.17071743808978268 0.028551495407965897
9.174150130662557 0.22917354580656557 0.1072410565045335 0.0692002520890355
8.87611893765859 0.599692507737577 -0.0073813769450135 0.04977690068286369
8.78450512980953 0.6433879126601041 0.4228606576799868 0.04477771106407865
8.802889732753773 0.6002600276628824 0.2112714268695827 0.1460012417531211
9.106370055920538 0.2542696933346614 -0.14476901819428148 0.06530049011563271
9.228288729758214 0.19009030399240537 0.0072440861753261115 0.04477028176714927
8.93576760023351 0.5773597110499182 0.33924273738519045 0.10468167150131694
8.898524970464296 0.7584117283289268 0.2854251556964798 0.14139445715079996
9.148031403276224 0.20803397321636707 0.04179612421392933 0.062429352424836874
8.773898773730002 0.7036066121790862 0.10139014163593721 0.030650772890503712
8.783779199253857 0.8140920372860162 0.20187741754338345 0.05088380397731867
8.892714354457132 0.7455289890037299 0.24437374185089655 0.015347407342472263
9.034080731250551 0.3625180487713946 0.24660603199595477 0.017741320104367055
8.993801139899226 0.5734848974215002 0.5099789149511983 0.029665751903488725
9.057686207661131 0.3811939653339858 0.162691665678374 0.13871492730246485
9.054919422604904 0.3637648473942466 0.1428366330543583 0.07113158989566004
8.833551770519332 0.7613259255318675 0.2774129099122322 0.022507006693868667
8.900001123416843 0.5346730848758277 0.1856469204116023 0.04011683367628826
8.92273418052329 0.48027840053915866 0.018431524519535756 0.05091445585498081
8.740787892778803 0.8274953310759102 0.12383378912871626 0.03400635669944801
9.02395313372633 0.31371836186786994 0.22606089023008932 0.10575060983417278
8.818398482749018 0.7549427342090617 0.21159205477155552 0.0313079007232275
8.89442225640807 0.6401764376533441 0.21523454332074274 0.13080808313063694
8.828484599908903 0.6686782878326301 0.41704076636988946 0.13850853861222656
8.933336301386559 0.439991498129537 0.3509374412797922 0.12690028962674232
8.804837070092479 0.8244746838395535 0.25969719046560574 0.03349164468280031
8.926425057535129 0.5072165090355373 0.40952163150021165 0.039410133938011634
9.05242257145156 0.22071097847219218 -0.11259593924540945 0.1432835967026456
8.817316914425614 0.7019750534134255 0.012544997282221863 0.030333883131946193
8.755584769901935 0.9046744813825672 0.4460452001895729 0.056492382009215844
8.955524650450167 0.5051396588668827 0.43888757372443477 0.10083862961086917
8.73269908789796 0.7486248883060322 -0.03269657134646182 0.2578405599171178
8.82241462730832 0.7042595969159193 0.2792253652760173 0.0590419324264341
8.762704306847457 0.6887340808299853 0.3102464581117329 0.03621373515262549
8.788139972922798 0.6621738773446015 0.11374358430006978 0.04108706370626332
8.851752801398776 0.7229112354767334 -0.07236557094112421 0.04123392014817923
8.859542919003305 0.6285636090489021 -0.019592334205661185 0.03727731745935326
9.11610735754536 0.503978679611852 0.5308873533672737 0.10362713514689394
8.980384252463969 0.39201695535130227 0.13706468987085504 0.051105530004624124
8.831563912451449 0.5846127849005364 0.22898876035298596 0.04884462167332444
8.842229736521777 0.5817575621539315 0.23131710061898067 0.12610981841663688
8.944699275090523 0.7137157314938882 0.26116802181191906 0.1166679631304207
8.92467184382374 0.6731700721534793 0.36535530556455237 0.018521593767001326
9.043278214761074 0.5976897054797382 0.24339816102214804 0.13038062624327484
8.90141937954246 0.5492378767192555 0.351137213921307 0.10196255732911019
8.817935134454011 0.7067352680568023 -0.20659325420960428 0.14417328295197682
8.854435380756563 0.6508945075440814 0.27067421255584023 0.04345875456694699
8.978559247144899 0.5786047574095188 0.30496524606457254 0.034459573956094315
9.008176502753397 0.5618538093664004 0.28812780605242766 0.11071920303815412
8.778298469090329 0.7437272503513137 -0.018366381537942573 0.03194899956097168
8.746379709166142 0.9111399015245729 0.31452550213882974 0.1509809259410416
8.81421080158432 0.6421919512834522 0.0026255592965755245 0.033112002720795515
8.771198207476846 0.8800563834050098 0.42101406024839305 0.13084232046828018
9.181666168153138 0.22151631991587065 0.21830419200041914 0.03209933084745798
8.978944723515783 0.564176911120319 0.2382346026321106 0.045740337857136534
8.889893582418434 0.5094836894072583 0.222436520216612 0.12461434345726462
8.811818122774143 0.6735777547083551 0.009737684237377997 0.15193971255914
8.919763662736102 0.603224086060778 0.24766102170779103 0.15448815005877037
8.84509869251982 0.5971661231032008 0.20665331482333532 0.13894305707142207
8.805901942451836 0.6100254150685025 -0.032232448767297535 0.13585176917656885
8.706577951815362 0.8175314881209609 0.4241161786444296 0.09756967771700763
8.747626308791675 0.9964714426946741 0.1397309720098237 0.13582926123553388
8.93381380620404 0.33485380249181834 0.09098692480729827 0.03959788389357206
9.113995450959248 0.19022143307056336 -0.07909810762057164 0.06608342343794486
8.89477396488146 0.5059152448364206 0.1503529385226787 0.11714334872465151
8.91557975063221 0.7884674183097009 0.2856840800174634 0.01798532063966724
8.801294437770371 0.9099055325616658 0.22452934295640334 0.041850149007787975
8.766008744120617 0.8806385202320312 -0.29982210954671734 0.273091982340783
8.95209304540251 0.652014038264149 0.39222642029092564 0.1323590440835127
8.969930331046854 0.6217520744040469 -0.0166545552519247 0.03772651216910224
8.950439197646313 0.651102317109358 0.44069347764370964 0.1335156760847992
8.792036783291852 0.49899491920833383 0.002473900436315532 0.06856718019569746
8.965820123564363 0.35739777299495973 0.05387957589871718 0.03764722038393187
8.94919253788578 0.5374134503170157 0.19409329917804485 0.1214641324135321
8.81250908285276 0.7494016058543511 0.33959205451766594 0.1283917222663148
8.803009846909372 0.81156913208442 0.16415762862129818 0.018949259918781197
8.94702528075078 0.5037166809169785 0.1946634153838265 0.1125180666927619
8.924720737822478 0.5182416502545971 0.13495773408069964 0.12662312393408956
9.383699105276328 0.1061420833241545 0.12961261526032603 0.14189060501974557
8.902247724492288 0.5602790942606416 0.26601160631340004 0.13456231272915367
8.790569883497811 0.8771782268194942 0.29670715187959623 0.033961858590825476
8.943796839477061 0.4989362230039208 0.33606374376195647 0.013884079885227068
9.102997227361318 0.3174880640017447 0.08173771632154193 0.03756812012545594
8.691189319173446 0.8723060295125283 -0.07924145558244855 0.13589106972100115
8.907217450538903 0.6037423021160233 0.37334137614156865 0.1425118500665608
8.860713288384334 0.8105929425681035 0.3458289541731971 0.04837241521943716
8.778476362829416 0.5770390658794886 0.17799471356813135 0.06268959976207832
9.268213815654802 0.161202019425839 -0.15278706351081042 0.15617359248154683
8.926015373862093 0.6816659050729049 0.47157862958300734 0.11537709906814252
9.17025576305594 0.2836667751887235 0.1447288871950647 0.17116722636609946
9.284218572543672 0.2705962241091803 0.1374309868488122 0.1315865574993303
9.404462041067207 0.11827489394533865 0.30394785069895736 0.13378023959203938
8.735790824129424 0.627810895482432 0.2833614681367501 0.03357016342055669
8.985964810695009 0.41361706891359246 0.0845771546447533 0.11606400655163951
8.836176715039219 0.7655981696960839 0.18635474974749427 0.04073116185166959
9.007890379039251 0.3844639837752733 0.05671554803938315 0.03557605230925312
9.224837042778345 0.1569935169518893 -0.03326783554923193 0.2633081860890558
8.990633037768385 0.5176102792510645 0.24305566744536788 0.11224363293933241
9.120971442553246 0.308995105725088 0.39044087451413356 0.12557461189035324
8.853257525790426 0.5866045452654476 0.3656506606591152 0.1437898792363169
9.189654363962923 0.1967716140414544 0.1417852395264197 0.1505966585795806
9.294406887872267 0.12603708301276534 0.06534492583584628 0.12171367668113435
8.758084357749102 0.7058478596066268 0.2168944658607758 0.12320158239951534
8.994950183580062 0.28969658913511387 0.30634369251835036 0.02497920825133406
9.138614576403656 0.2707890372965591 0.19346651705992868 0.03438019059290221
9.080295488080955 0.3124431961170241 0.029780198419619246 0.06376842019603181
9.125766909751198 0.35906228764815823 0.224873696701031 0.038641637873618635
8.817217617319862 0.6985394834440406 0.22997227910240758 0.04517335826230142
8.865549564079572 0.6005735662117646 -0.11731075357717452 0.2759734474976099
8.787190724220372 0.7568491570276268 0.2678794868490572 0.3662933857408383
8.974528411599426 0.4187804420564244 0.2000517562181508 0.026955139926624256
9.166973005815116 0.28799226707042336 0.29211957426703655 0.02927815037188247
8.938064430712798 0.5361381448109744 0.3510332122650821 0.14263882766226832
9.136239932151748 0.34425590742943535 0.2907693407943918 0.13741443271376005
8.876066034379207 0.652335035374509 0.2231765932127451 0.10866586651982414
8.832564352778498 0.6489623356242695 0.32154028639639837 0.020629639208524994
9.021975896629337 0.4015210959209462 0.2558158657808321 0.12072309571415783
8.7618271796767 0.8190349726978178 0.4371273414991545 0.03955310560327158
8.874531485855229 0.5350993453272226 0.43841400850466544 0.026736400446428155
8.875278626682462 0.7183688859213573 0.3669118796482051 0.044637751382067416
8.8301763668566 0.5403901250112968 0.0509037027418046 0.3449801086789427
8.907217443006777 0.45783620325538443 0.18516287677582144 0.04156741971223637
8.764189514908944 0.6914152572022771 0.2782769851737644 0.032883739925544976
8.802437411680733 0.557753193073554 0.11035373099514786 0.13465106053130332
9.02701117687643 0.32440602472775687 -0.01944647629092493 0.029831018200399986
8.953659435326397 0.44269486000043834 0.04681052719320214 0.042264483250961035
9.03312422136106 0.4012705928258695 0.24989243797755947 0.022955766890460725
8.984413717576885 0.3934764665134775 0.306880172698003 0.025907361249534605
8.889926724111277 0.5918240964089981 0.2964084924876096 0.13590632923975315
8.947901768584524 0.5225068142679489 0.3254187499683472 0.15920040701356322
8.907178941498303 0.4705083967626014 0.22747052161247835 0.018627036483042345
8.906924000164578 0.5281224718974536 0.10441674845100504 0.3270026701379322
8.84551247692182 0.5099944706113382 0.1923472063682486 0.058270545457461596
9.05512559823191 0.3802320089495904 0.06148072839463778 0.028951317639654212
