11.042221455099044 0.3251934917084848 1.519996498196048 0.0716113775519832
10.941245954561431 0.48397613549477564 1.881560059573723 0.034927865654081354
10.948545745645625 0.40421513918098867 1.7835157474231826 0.044005363103007705
10.791907745964988 0.7130016957014241 2.0056875070511113 0.04109738715408698
11.008324494796408 0.3053142983917939 1.7755991603120138 0.0687603952820897
10.959921960994462 0.4550052023409994 1.8610181391535934 0.03620646451190314
10.674140490239797 0.9190907800739729 1.605070819485122 0.053593097226656505
10.950307671372956 0.4214728074324912 1.57716108593086 0.04832202502322427
10.858995342832081 0.6193376928613732 1.9634802211322877 0.021142502464695657
10.771316753872643 0.8862055743628477 2.0711385058052394 0.037488016112187245
11.07365660603481 0.38300068950259747 2.069197456688007 0.024951691811894466
10.865160506520642 0.6852440374378648 2.1206600898911376 0.021681978760118816
10.613539523140293 1.107279054933873 1.861442269336272 0.04179145851110195
10.896356182937373 0.4585318441810377 1.7204177776425744 0.08437737263829495
10.72186571282164 0.932869458156172 1.9734556298121673 0.029247551727592778
11.01338945127829 0.3155336921735262 1.8921163106619439 0.0419430744081876
11.298622064455863 0.16283163479092788 1.9906443858806793 0.06857183536027792
11.092083884243085 0.2790478398247974 1.5970718987111552 0.0480130672114533
10.957090291932287 0.30460972785066065 2.0341249638062235 0.2686299492481977
10.571796108100205 1.3372101627355466 2.1490254089811467 0.04938861907798084
10.865077872048992 0.48190980603566047 1.7122225656241077 0.03691545655861668
10.656356347216228 0.8806388649865171 2.0821228080648155 0.03364692133623678
10.978786078801342 0.40483578489896443 1.881622953009577 0.05850673420432664
10.691690474778145 0.9905468224162001 1.9416374785064063 0.033574145288120374
10.939999137074109 0.4005660179290518 1.6095645945844217 0.04833777262220127
10.886618540257853 0.5306637689807747 1.8220665395287405 0.2630474509320882
11.005573501468676 0.38566708111150394 1.8826801229481542 0.04785231466029184
10.932774275781314 0.4142839838618322 1.5214984357618373 0.0590948569774917
10.79136936583736 0.6245373231538095 1.7429641985185111 0.043859794554505366
10.668719134681206 0.9494697887213318 2.1015173658505715 0.035817625371343594
11.080427014638683 0.25307574018261586 1.816183779164794 0.04634659839704855
11.078401790750426 0.437406977607387 1.996936735900928 0.02119007961434503
10.539163035111313 1.299473281883242 1.9895582834463286 0.03288599271583684
11.137546976737614 0.25592310971993537 1.893121627543544 0.058176877120940045
11.021708831624846 0.3798175904901518 1.712464584715832 0.0390320687965859
10.6954516711739 0.8871335369123221 1.9811601307296756 0.031846833499989576
10.753800197947726 0.5956008751615572 1.8069989515761962 0.05398457453342616
10.608938232000105 1.1215428777943597 1.961642151471518 0.03863407044526467
10.773524307001663 0.6203716180009285 1.5158099290600129 0.25292706540706567
11.057785397913461 0.34404763900691787 1.8809629708787943 0.06814457035005494
10.752270958270941 0.6566973689736105 2.037621971987421 0.05546675940265807
10.646048270388246 1.1647175909404393 2.1876692727370557 0.057531903499237196
11.168937201324681 0.22934613745870447 1.2833497407046417 0.2908013753073907
10.636625620671857 0.945081411177472 1.9249703554678081 0.021088860093709617
10.986236893993805 0.3333704236208445 1.9018982399989308 0.03261047900122234
11.023724578460259 0.36609641788781677 1.8534391375726236 0.03671067787339507
10.812966153941632 0.6081624731797893 2.0692421518750344 0.053202762496726605
10.69186148825794 0.7644719126222536 1.7960845930944662 0.050879141983360625
11.297681887445256 0.19997820190126758 1.9956867076264073 0.1034266966575352
10.828146598301633 0.49771381661003583 1.6749040085732345 0.046615947052334857
10.71752396676778 0.7794102658628895 1.780497902267178 0.03213400020842483
10.87585957264171 0.6617453370223424 1.8470012608194073 0.07191482423291169
10.849311906057267 0.462294999669349 1.6917336019546347 0.040663934168052245
10.911916180404136 0.5940714557419162 2.107624705348392 0.03530040847682542
10.891490518513233 0.5938263968543195 1.6811955147527113 0.02921303216682312
10.751951617360191 0.7893941044000311 2.0028096225809193 0.05532147778153732
10.895074472262639 0.5968616404895057 1.949499539027523 0.02101807363173684
10.914121179887005 0.4265875937834009 1.9104605492498008 0.03323108716380191
10.729118222262192 0.7824683094405817 1.8513871825823676 0.03783086966850563
10.729080344913083 0.9189364102594398 1.9588877173413461 0.23462292711872787
10.74728719227439 0.7081405551806829 1.86207491425021 0.02862730839795448
10.963041784954974 0.3591039205424502 1.672653578944482 0.0402160289412335
10.846627338089979 0.6068338943250129 1.8544082331307534 0.030986637805061817
10.892538172265551 0.37492994091353504 1.5652536888939286 0.08512368801492597
10.696508865547875 0.9537945403677833 1.6018341696686225 0.2794313399330526
10.730577643101268 1.0155938431131588 1.960053115917215 0.03729950121980126
10.735580695377388 0.9895111097917114 2.188308102346354 0.007777221725968529
10.62447931991725 1.0793022272547363 1.77163599275499 0.02978318733649957
10.741142326181008 0.6360583447664718 1.817416991480401 0.04759641176231808
10.644281685032947 0.92000602698161 1.915340268084536 0.03808911549751409
10.662764576406024 1.1875822648070997 2.0348309327925476 0.04429035800138296
10.72837747412303 0.8310031017184677 1.836634386149458 0.04671589118896952
10.962716313025451 0.39518482452801135 1.768399582718895 0.04938071478394377
11.05367288215388 0.35390706919566456 1.8471535237492889 0.0637878529495175
10.843875479285062 0.6122376950347171 1.8851461086286962 0.055607702338541384
10.837249124170206 0.5751480605189326 1.8935517156057389 0.07206759740416216
10.689066226446077 0.889792742549461 1.8185693164083407 0.25792636752685016
10.534901123215631 1.6282445345442524 1.734911399256348 0.045498827018682735
11.13688288308291 0.22336957114803063 1.727302282899626 0.08141570844213541
10.611825306897506 1.3607318265139412 1.853709488296523 0.04413105059149219
10.93755435693067 0.5136945458577941 1.9942276326686355 0.029819261379209847
10.775275981703633 0.795963780120985 1.9314511566961086 0.026676881023768275
10.791423832605066 0.47792213329563377 1.5940773328438242 0.04779630289880791
10.582651652821484 1.4488497568631693 2.0475369174297096 0.018819713637901237
10.505318630916983 1.357513411958123 2.0520819097117826 0.027472865757443676
10.733227441932105 0.7357372518794684 1.8296122768040897 0.02773585460043157
11.04027808893365 0.24033117802499113 2.1563667919299023 0.008977574990790525
10.904456556672658 0.45452861414201967 1.7621567224467547 0.038792163129875525
10.729130997805996 0.7651422166202313 1.8653477371154883 0.04099498812682445
10.617704099184742 0.9842346612201264 1.9103566843091035 0.03814808922028888
10.878040896163055 0.5845517153747093 1.9480459086833117 0.040545269166058356
10.582702250278384 1.3832571783149283 1.8527440820887815 0.054908638610524876
11.197357721028785 0.2560407942973689 1.729581146320764 0.03812850990607702
11.048361862343512 0.3514560384343643 2.009271092756469 0.03645399726519008
10.86861761296873 0.48898909560708825 1.2558733926233185 0.12481036028732212
10.562702012970233 1.1338647178586954 1.5207135404077532 0.05541728242886564
10.633823181197675 1.1679002877539997 1.8947719142035169 0.07071100671922526
10.615483355494126 0.9044529067886348 1.7257415364322188 0.059121829148501864
10.733001018509288 0.6888160131236992 1.950482476606054 0.038298474742377464
10.762276456583635 0.6725779760949622 1.113582811197201 0.3277670639222984
11.000858993229018 0.4233740101868537 1.7259088076925944 0.08157337876037697
10.791617684407953 0.6809338490510649 1.874015420138181 0.04522353583785772
10.711156061069456 1.1484987514742195 1.998935395519521 0.047047248867859534
10.669441784028823 1.1490299200423713 1.9473774508606945 0.03671690295009136
11.212169537561884 0.19035142372483888 1.4773445350099919 0.1029673885358203
10.82927885280481 0.8134628491408326 1.9449496586330997 0.09923235366666436
10.71379733436271 0.9289275150820189 1.9829226932140114 0.0404356842492451
10.470439021963365 1.817863521665068 1.917853792966221 0.019021107069597136
10.605886519443493 1.324691099752867 2.0396241271973197 0.10526580320912217
10.730082609233628 0.874797571362126 1.8108682805705103 0.08863835058991773
10.707553492140242 0.895543086504086 1.9110131569340005 0.07094086347217811
10.882913728238057 0.5735418137955879 1.7854894083553368 0.032667043343565905
11.04524617709903 0.4240261515681543 1.9128581524008121 0.04965016630694291
11.053224104322362 0.33460214400688865 2.0324028805980263 0.041404541072345494
10.84080640890452 0.6636067611869143 1.9597327069788826 0.023213173913355107
10.845305924658698 0.6831183472602043 1.8497375299919063 0.038306137632796784
11.166485504181452 0.2332267945103682 1.7897782727739089 0.04037629242292572
10.815192938455388 0.6893503879081375 1.4344411785448927 0.06575209194171075
10.745260146236726 0.7039811371113978 2.0815238147149757 0.04839414107245197
10.768780850601365 0.6490984758842837 1.865340029004823 0.0920432924911482
11.099191637844312 0.2584859102165891 1.5427965561510653 0.06788272790960571
11.22326489512895 0.19228790574404117 1.7082127272720677 0.03930738631541572
10.8567034690697 0.6914914778011426 1.9902413050872154 0.06550519463989897
10.644299553240348 1.352515043759647 1.9332724797105065 0.091526334058917
11.143815509603108 0.21005421838397934 1.6380760516820154 0.047437907690968596
10.717839977046543 0.8000755756828006 1.869751372537387 0.03029248024814728
10.703102271312884 0.979429216030473 1.9722516943811255 0.02125947519783586
10.707634608563755 1.1367177254783756 1.9344586639919186 0.03202095655569385
11.013619851541856 0.37988343158415566 1.9933772182659557 0.01302138946831846
10.885668131353745 0.7334438966818845 2.188003083802528 0.027203619137731425
11.036418614536323 0.4001998362321915 1.8331841694984048 0.038391133114757454
11.031831354823993 0.3834710632694804 1.7571943309533615 0.05770655582306595
10.698302841044741 1.0369139994188399 1.9213485159704333 0.03405980915008117
10.857139599285302 0.5897678128945262 1.879169672603063 0.031112894527469407
10.892885935474974 0.5142507718331759 1.6760088436973295 0.050914455854980806
10.647016769800459 1.0257872452604828 1.8686954825528141 0.029365336321174464
10.993618379636453 0.3361028784344045 1.8082771928578292 0.02488019219997652
10.672789571417894 1.0526439285418152 1.87090360453952 0.03643871498915445
10.781840563562108 0.8275081402051849 1.8739337298912224 0.07856442240499989
10.766397143106404 0.7708312924863959 2.0333889816147686 0.09239718786932877
10.858453501479206 0.5214319180284802 2.076367782839085 0.0683670600238798
10.639659334453077 1.2024611990951708 1.930884247043493 0.049175701154005935
10.890255000735726 0.550994825660916 2.074111939522434 0.046870262688591235
11.047258747711398 0.2233381030696239 1.6482378793222612 0.045068213367527685
10.740908353173554 0.8361236800019812 1.6348386984655003 0.0372286937538211
10.576172564882759 1.3635922031730014 2.0711484255582766 0.04613028212687333
10.780118463586152 0.7499331367588525 2.0959176197738754 0.011963543026675173
10.671860431751584 0.8606719978914416 1.517442116630614 0.25780598418843076
10.733698365065 0.8626801016514024 1.9286493517586825 0.04022533742407973
10.644111659231324 0.9028072881668351 1.9442819934001225 0.022360001493633933
10.668739050464353 0.869409141566489 1.7713209034778634 0.04108706370626332
10.696783808568366 1.0293198738207598 1.4882776024968136 0.05005872687928867
10.791488795444833 0.7344122711627438 1.579473476204869 0.0391634419427164
10.574404012772176 1.6826392288298475 2.18391469760608 0.05905650832176652
10.95283356834606 0.417485762388292 1.7630620861253723 0.043158459621787174
10.778407207917573 0.6602176323044385 1.8957488715970412 0.032469912933949525
10.786764302713012 0.6604468449781346 1.9391627825328699 0.03247891023351621
10.679150025754998 1.3045876513820234 1.9260661561200503 0.037953267309076125
10.721552369268673 1.0679482859681848 1.9401915013778441 0.026264755564747756
10.726945206993246 1.2195393700672665 1.9009447000574649 0.08641609430323956
10.693916996025276 0.8771299160236754 2.014014442296143 0.05931601035191345
10.712074339297802 0.9001221874738378 1.6672244071312874 0.04648526105779292
10.760095491921376 0.8073590311826346 1.9126213856899028 0.03753918842152358
10.858656734506088 0.7599196379113008 1.9507563909824492 0.03638962126670624
10.799910970989599 0.899197030651927 1.9399794589370396 0.028224887619280097
10.6490106815977 0.9992103791193431 1.6237329955679314 0.04053199994710869
10.521443437968495 1.523361772357803 1.9703737008459583 0.10909953501344254
10.714818532816928 0.8056996072106057 1.6517999779798473 0.029473268299475316
10.617698413652908 1.2502960279090005 2.085252065282066 0.07549422488080154
11.167731490287517 0.22864602918266408 1.9192655313031455 0.02848551538723038
10.708483715781206 1.0373521878556868 1.8762753858124097 0.03493449618106247
10.856671553388336 0.5497567594434034 1.8481567498004272 0.039499424290605295
10.587855232605529 1.1199977703753183 1.5737617709503806 0.10587085278736627
10.82670678656028 0.745838657244258 1.8240622488134373 0.0988044856689655
10.681879038495094 0.8647860283302191 1.8435002939507872 0.09382134912668895
10.764855616540078 0.6701995748775568 1.566592303061204 0.09735366296793788
10.442605820247667 1.491973410186697 2.0792995969929504 0.0303200814600282
10.409195455255592 2.159311099122101 1.8671224060644256 0.08074806368450597
10.919352375402003 0.346125406990933 1.6710817650120444 0.03202415459931967
11.109128573578682 0.19235190180603196 1.735288853678696 0.050251070484881935
10.860327080902781 0.5474280463452988 1.8325861551703444 0.08206706279515097
10.466006303011897 2.190092687809122 1.935193222343253 0.029345130951745745
10.53285315807137 1.679553597619927 1.8876889751046595 0.04371816621694445
10.548789639223614 1.4463494052656236 1.4425848416322262 0.2652003778652054
10.276898310230731 2.9946093025467944 2.0369321352246375 0.09023086094930872
10.60964850231576 1.4016200569519146 1.5925978672929915 0.049833851400339135
10.78226827337457 0.9543236380761558 2.0762908993412204 0.09007542519003763
10.738418726856139 0.5639526553663514 1.6259790516144976 0.05257743382374737
10.95227606519677 0.3686648364814214 1.7164242506708904 0.03432093168848892
10.877229935405314 0.6332395734478254 1.877958845487372 0.033400722435952365
10.681195600415155 1.011513043147462 1.9141019052103911 0.050589573338540875
10.610468220299083 1.259411317455523 1.7608612396151764 0.02762830156358454
10.890569045972212 0.572971175095622 1.879541058754579 0.025757538905713008
10.87119248009357 0.5856320300837241 1.7565781001491536 0.0905896704979814
11.382185990553227 0.10651024573574684 1.8036046047547731 0.049122141640415784
10.837288399097226 0.6498730338254792 1.9265828963435374 0.03842590518004071
10.505445147811647 1.681041893557463 1.9360267244845437 0.027459835215357477
10.893206536764119 0.5600317176654491 1.9700724660445565 0.01956646659452221
11.081594219405947 0.3333733336064842 1.777316916736307 0.041676474581238875
10.58567404633946 1.1108409668131742 1.6198282405481403 0.04750155821353607
10.814981743615665 0.745096014806972 2.0875205308658553 0.09046788388357131
10.541614785913348 1.6760547323452812 2.0166520560475516 0.04664656397150583
10.701519258792954 0.687816614375414 1.7199882212115578 0.045035451904364115
11.2643004001591 0.1626510862087876 1.52758995305662 0.061066339952208615
10.711377062407431 1.1100581837637262 2.1315470886223076 0.023376650984974198
11.150927774369636 0.29643647141675006 1.7344508763036512 0.07773453616800065
11.253612393945845 0.2899862365662329 1.8630096119326385 0.08467294931259757
11.39988442474685 0.11950933915702043 1.9495765223399075 0.060319140628976566
10.589138650914954 0.8763181306576526 2.1131298938610543 0.03016183700431125
10.938036378682378 0.4612871096470952 1.8040154665734869 0.037158765202370825
10.548818754190686 1.4718236011015817 1.8986213033273094 0.0450546081403413
10.963322953261883 0.4254640258630381 1.7298505557439743 0.03738412782929956
11.220429672899092 0.15858171902784562 1.6751800731720736 0.25795666232044573
10.912138875849166 0.6188822247374393 1.9230503770445762 0.022882057112005333
11.10064954399892 0.323655585223159 2.03118653917036 0.08756791127665532
10.783434094170492 0.6880354618749643 2.0044253145722024 0.10210508549926198
11.185454277917184 0.19867431877810582 1.781051150217877 0.10326183062776507
11.290619846328653 0.12712885163597348 1.7122759103418392 0.03755073251638271
10.695004850953374 0.8155891298195836 1.8011360520710387 0.048589221254010106
10.97738645364622 0.30153956290428113 1.9944798658440168 0.03786654813950715
11.126642431859144 0.2783014969029604 1.8366220453508004 0.023997170218461886
11.056619791648739 0.3297584341601345 1.687357517597413 0.0637684201960318
11.080969409479456 0.39748297913441893 1.880885393322711 0.034679344537163564
10.515343451611198 1.385308681926561 1.9017116364275481 0.05880107627289825
10.734602945640617 0.8088599301261777 2.20101583472441 0.2393183594839734
10.684918786628009 0.9563393777857903 1.8174995094591226 0.2891175001107714
10.952065346729134 0.4408830945684133 1.5746999955669791 0.0344645389053839
11.144744585935229 0.3029340657852391 2.00102550771204 0.014812349587048933
10.839657754634576 0.6705580333484981 1.9823583729671845 0.04653646766459704
11.096589419591599 0.3766800692306842 1.952316065478783 0.04112356298715051
10.706768386447488 0.9585804299753682 1.8875069535074658 0.019030768983675728
10.684609357187414 0.9087549608518664 1.852908719053795 0.03414864096494147
10.971160057474965 0.4506772581542138 1.9126339279676527 0.0851666968156793
10.460563845409856 1.6266628582577745 2.0709046530303152 0.017193787930194385
10.805621482440076 0.6261663749315011 2.102031354294045 0.012206796650978903
10.425158197979602 1.992217146191553 2.082047726553855 0.056029436225583415
10.804989712010416 0.5725316700407889 1.6267336297106842 0.26524892700481617
10.879851634657038 0.4874400369995306 1.847823431613196 0.06941290329743313
10.716519894374635 0.7712797882287222 1.8959282737775343 0.030219815974329312
10.76695630770016 0.6049940353615234 1.7245422512923996 0.0616413519590648
10.989835550532003 0.35294560928409835 1.6331201496858212 0.030415623906902986
10.89588694817602 0.50487930689746 1.8467177817482776 0.034236420691116556
10.983187619692163 0.44950645666646344 1.918592675727124 0.021045303636872268
10.947717625992116 0.42780501050125674 1.9111595814370717 0.0344748455547379
10.833317836839356 0.6736440452911052 1.9399916119446772 0.040155596147848784
10.898783837946771 0.5845819487783896 1.9439219293298082 0.1149383867943757
10.813019163293712 0.5824113724560234 1.853674490864929 0.018347743879632686
10.861816428749897 0.5855158068379998 1.6532716246238086 0.26155941759709084
10.776426990248028 0.5969345639337544 1.798465262157272 0.02904696827777646
11.028774546823021 0.4038231349859434 1.7763294800953733 0.032771464816928636
