9.058237684175031 0.313502939970441 -0.1375808209817455 0.0716113775519832
8.979132743445948 0.4438593552523296 0.22398274039592928 0.034927865654081354
8.969056117189277 0.3856795546813913 0.12593842824538887 0.044005363103007705
8.861069689645761 0.6087482388056532 0.34811018787331754 0.04109738715408698
9.017824662490789 0.2987394602324652 0.1180218411342201 0.06876039528208971
8.99758579177952 0.4175389066845363 0.2034408199757996 0.03620646451190314
8.762775125884668 0.7503272863238253 -0.0525064996926718 0.053593097226656505
8.97347478117254 0.3997139864356866 -0.0804162332469337 0.04832202502322427
8.922076127125722 0.5362903236166433 0.3059029019544938 0.02114250246469566
8.910626760947766 0.6453601969192981 0.41356118662744573 0.037488016112187245
9.108926484909215 0.3534707550385399 0.4116201375102131 0.024951691811894463
8.968223777543644 0.5421335045323423 0.463082770713344 0.021681978760118816
8.737633795528133 0.8335605791713621 0.20386495015847836 0.04179145851110195
8.919834449978929 0.43452903279941185 0.06284045846478083 0.08437737263829495
8.843905451076417 0.7060417801794382 0.31587831063437344 0.029247551727592778
9.024655718626121 0.3074962191923886 0.23453899148415006 0.0419430744081876
9.303472323858065 0.16103856066294098 0.3330670667028855 0.06857183536027792
9.104800082482402 0.27105724689453015 -0.060505420466638656 0.048013067211453285
8.967765483759443 0.29725324014793486 0.37654764462843 0.2686299492481977
8.819223196177106 0.7614126563298105 0.491448089803353 0.049388619077980846
8.907945214812129 0.4370196535349321 0.054645246446314036 0.03691545655861668
8.77299304885277 0.6748739848834922 0.42454548888702187 0.03364692133623678
9.008774143246326 0.3780609237161398 0.22404563383178308 0.058506734204326644
8.946186031305656 0.558384707964851 0.28406015932861256 0.03357414528812037
8.972396971279567 0.3720498075113918 -0.048012724593371976 0.048337772622201264
8.962751570231791 0.4464953936510653 0.16448922035094674 0.26304745093208826
9.045488027401602 0.35224029911924964 0.2251028037703604 0.04785231466029185
8.952549234085545 0.395943392307391 -0.13607888341595636 0.0590948569774917
8.881261951058818 0.5091449679872998 0.08538687934071731 0.04385979455450537
8.807644736523109 0.6917064538451846 0.4439400466727776 0.035817625371343594
9.09607788095848 0.24422063848065834 0.15860645998700004 0.046346598397048556
9.142106409824908 0.3787149467992563 0.33935941672313413 0.021190079614345034
8.817738960912395 0.6907412743656287 0.33198096426853485 0.03288599271583684
9.148308537873493 0.24970744218703453 0.2355443083657503 0.05817687712094005
9.08127277560345 0.33213116297666595 0.05488726553803821 0.039032068796585905
8.822075101793144 0.6647033525231405 0.32358281155188184 0.031846833499989576
8.791308297121338 0.5465709796590443 0.14942163239840248 0.053984574533426165
8.784072155757055 0.7522818569445043 0.30406483229372433 0.03863407044526467
8.823207760375361 0.5537325764307776 -0.14176739011778083 0.2529270654070657
9.080567220934277 0.3266252184876626 0.22338565170100064 0.06814457035005494
8.834803231365425 0.5441446478186402 0.3800446528096271 0.05546675940265808
8.840177970150911 0.7483717990525554 0.5300919535592618 0.0575319034992372
9.18084711445038 0.223207742865189 -0.374227578473152 0.29080137530739075
8.800238496053865 0.6514550301603703 0.2673930362900145 0.021088860093709617
9.007228205235075 0.3177807082663104 0.24432092082113704 0.03261047900122234
9.061073778162235 0.33633251081473087 0.19586181839482975 0.03671067787339507
8.883156997256027 0.5182638324876618 0.41166483269724075 0.0532027624967266
8.77308950551851 0.634982725416935 0.1385072739166725 0.050879141983360625
9.308838750454333 0.19497232474223508 0.33810938844861366 0.1034266966575352
8.882497775308492 0.4397961661971087 0.01732668939544066 0.046615947052334857
8.82746522060293 0.606749442655605 0.12292058308938442 0.03213400020842482
8.98889440811413 0.5121577116007027 0.18942394164161344 0.0719148242329117
8.879938532026378 0.43103213938139706 0.03415628277684094 0.04066393416805224
9.013561043843252 0.47195464091406114 0.4500473861705985 0.03530040847682541
8.968777681417436 0.4980876207184328 0.023618195574917598 0.029213032166823125
8.888909186426481 0.5784232585939163 0.3452323034031256 0.05532147778153732
9.011072532517213 0.45935812530282394 0.29192221984972916 0.02101807363173684
8.949667824335679 0.39337691794427093 0.252883230072007 0.03323108716380191
8.846519810510719 0.599003057079834 0.19380986340457387 0.03783086966850562
8.827199062448805 0.7342218541824865 0.3013103981635524 0.23462292711872784
8.838702353339228 0.5749815552658588 0.20449759507241635 0.028627308397954472
8.981849442924124 0.343988965958747 0.015076259766688502 0.0402160289412335
8.931551854027177 0.5003153746084018 0.19683091395295974 0.030986637805061817
8.916006859126023 0.35536286600799794 -0.0923236302838652 0.08512368801492597
8.815006731887992 0.7276046758112089 -0.05574314950917135 0.2794313399330526
8.909177319119049 0.6765357949988318 0.30247579673942127 0.03729950121980125
9.0684215110742 0.47212342835200155 0.5307307831685605 0.007777221725968528
8.908146382357526 0.5698031475025859 0.11405867357719643 0.02978318733649957
8.830704035873381 0.5188712445994647 0.1598396723026073 0.04759641176231808
8.750965729275284 0.720944161295761 0.2577629489067422 0.03808911549751409
8.897011831329197 0.6975009794657197 0.3772536136147538 0.044290358001382965
8.917396460182168 0.5423702367382577 0.17905706697166435 0.04671589118896954
9.00734294198328 0.35712865132583027 0.11082226354110113 0.049380714783943784
9.07203522835553 0.3393566211304018 0.18957620457149518 0.0637878529495175
8.8977897035879 0.5412659502855168 0.22756878945090242 0.055607702338541384
8.871022097326838 0.5323270166201235 0.23597439642794507 0.07206759740416216
8.766096884972555 0.7458842259019733 0.16099199723054702 0.25792636752685016
8.798738697540182 0.8915819497741059 0.0773340800785544 0.045498827018682735
9.14409925037274 0.21971340694448302 0.0697249637218323 0.08141570844213541
8.857507061042469 0.7776623428360357 0.19613216911872924 0.044131050591492194
9.052972437347155 0.3965692549613049 0.33665031349084173 0.029819261379209847
8.861515336614232 0.6536046182206435 0.2738738375183148 0.026676881023768275
8.826868260723005 0.44074541478797036 -0.0634999863339693 0.0477963028988079
8.796015966791387 0.8898560448319899 0.3899595982519158 0.01881971363790124
8.802224311929095 0.6923615396650021 0.394504590533989 0.027472865757443673
8.865579766763878 0.5450042132655459 0.17203495762629592 0.027735854600431563
9.047373603932467 0.23645877789417538 0.49878947275210855 0.008977574990790525
8.927512283648541 0.43115216355920366 0.10457940326896109 0.03879216312987552
8.812907497275901 0.6318833672842952 0.20777041793769463 0.04099498812682444
8.704227014908314 0.8072564405317381 0.2527793651313097 0.03814808922028889
8.934561513477176 0.5137990892411827 0.29046858950551796 0.040545269166058356
8.830604545898355 0.7864592356241569 0.1951667629109878 0.05490863861052486
9.21355099948028 0.24677844129827153 0.07200382714297027 0.03812850990607702
9.102687687044263 0.3110222102355304 0.3516937735786753 0.03645399726519008
8.888940972538187 0.46672305874048853 -0.4017039265544753 0.12481036028732213
8.777603556431366 0.6956872941553542 -0.13686377877004047 0.05541728242886564
8.9569936834465 0.5647768367094277 0.23719459502572313 0.07071100671922526
8.756957164914237 0.6553638855523358 0.06816421725442523 0.05912182914850187
8.827164273796376 0.5559190605145686 0.29290515742826034 0.03829847474237746
8.81684805111721 0.5936293129655988 -0.5439945079805926 0.3277670639222983
9.033774027628715 0.39274408906651326 0.06833148851480073 0.08157337876037696
8.880719103385458 0.555870685538569 0.21643810096038724 0.045223535837857716
9.019178598642954 0.5741470397106003 0.3413580763417272 0.047047248867859534
8.859498816190543 0.7451612942680873 0.28980013168290075 0.03671690295009136
9.21718297530656 0.18818068188899048 -0.1802327841678019 0.10296738853582031
8.948550228503235 0.6199759219827393 0.2873723394553059 0.09923235366666436
8.809374115305705 0.7464741576556048 0.3253453740362176 0.0404356842492451
8.720200946387159 1.026557382756458 0.2602764737884272 0.01902110706959714
8.790186166205348 0.8693509169097074 0.38204680801952573 0.10526580320912217
8.815103997016898 0.7201398054410724 0.15329096139271653 0.08863835058991773
8.788153972370138 0.7446228908635036 0.2534358377562067 0.07094086347217811
8.924866035738296 0.5210560834407878 0.12791208917754307 0.032667043343565905
9.085542437133746 0.3868592824238146 0.2552808332230183 0.04965016630694291
9.068021016587068 0.32346334252297565 0.37482556142023266 0.041404541072345494
8.903642831930908 0.5748470983886763 0.30215538780108886 0.023213173913355107
8.914851846937006 0.5827888836653301 0.1921602108141126 0.038306137632796784
9.174150130662557 0.22917354580656557 0.1322009535961152 0.04037629242292572
8.87611893765859 0.599692507737577 -0.22313614063290105 0.06575209194171075
8.78450512980953 0.6433879126601041 0.42394649553718183 0.04839414107245198
8.802889732753773 0.6002600276628824 0.20776270982702913 0.0920432924911482
9.106370055920538 0.2542696933346614 -0.11478076302672856 0.06788272790960573
9.228288729758214 0.19009030399240537 0.050635408094273984 0.03930738631541572
8.93576760023351 0.5773597110499182 0.3326639859094218 0.06550519463989896
8.898524970464296 0.7584117283289268 0.27569516053271287 0.09152633405891702
9.148031403276224 0.20803397321636707 -0.01950126749577826 0.0474379076909686
8.773898773730002 0.7036066121790862 0.2121740533595934 0.03029248024814728
8.783779199253857 0.8140920372860162 0.31467437520333186 0.021259475197835855
8.892714354457132 0.7455289890037299 0.27688134481412485 0.03202095655569385
9.034080731250551 0.3625180487713946 0.335799899088162 0.01302138946831846
8.993801139899226 0.5734848974215002 0.5304257646247345 0.027203619137731422
9.057686207661131 0.3811939653339858 0.17560685032061102 0.038391133114757454
9.054919422604904 0.3637648473942466 0.09961701177556781 0.05770655582306595
8.833551770519332 0.7613259255318675 0.2637711967926396 0.03405980915008117
8.900001123416843 0.5346730848758277 0.2215923534252691 0.031112894527469407
8.92273418052329 0.48027840053915866 0.018431524519535756 0.05091445585498081
8.740787892778803 0.8274953310759102 0.21111816337502048 0.029365336321174464
9.02395313372633 0.31371836186786994 0.15069987368003548 0.024880192199976513
8.818398482749018 0.7549427342090617 0.21332628536172632 0.03643871498915445
8.89442225640807 0.6401764376533441 0.21635641071342873 0.07856442240499989
8.828484599908903 0.6686782878326301 0.37581166243697495 0.09239718786932878
8.933336301386559 0.439991498129537 0.4187904636612911 0.0683670600238798
8.804837070092479 0.8244746838395535 0.2733069278656992 0.04917570115400593
8.926425057535129 0.5072165090355373 0.41653462034464006 0.04687026268859124
9.05242257145156 0.22071097847219218 -0.009339439855532483 0.04506821336752768
8.817316914425614 0.7019750534134255 -0.02273862071229336 0.03722869375382111
8.755584769901935 0.9046744813825672 0.41357110638048294 0.046130282126873326
8.955524650450167 0.5051396588668827 0.43834030059608164 0.011963543026675173
8.73269908789796 0.7486248883060322 -0.14013520254717962 0.25780598418843076
8.82241462730832 0.7042595969159193 0.27107203258088874 0.04022533742407973
8.762704306847457 0.6887340808299853 0.2867046742223287 0.02236000149363393
8.788139972922798 0.6621738773446015 0.11374358430006978 0.04108706370626332
8.851752801398776 0.7229112354767334 -0.16929971668098007 0.050058726879288674
8.859542919003305 0.6285636090489021 -0.07810384297292468 0.03916344194271639
9.11610735754536 0.503978679611852 0.5263373784282865 0.05905650832176651
8.980384252463969 0.39201695535130227 0.10548476694757852 0.043158459621787174
8.831563912451449 0.5846127849005364 0.23817155241924742 0.032469912933949525
8.842229736521777 0.5817575621539315 0.28158546335507606 0.03247891023351621
8.944699275090523 0.7137157314938882 0.2684888369422565 0.03795326730907613
8.92467184382374 0.6731700721534793 0.2826141822000505 0.026264755564747753
9.043278214761074 0.5976897054797382 0.24336738087967122 0.08641609430323959
8.90141937954246 0.5492378767192555 0.35643712311834913 0.059316010351913466
8.817935134454011 0.7067352680568023 0.00964708795349354 0.04648526105779293
8.854435380756563 0.6508945075440814 0.25504406651210904 0.03753918842152358
8.978559247144899 0.5786047574095188 0.29317907180465547 0.03638962126670623
9.008176502753397 0.5618538093664004 0.28240213975924594 0.028224887619280093
8.778298469090329 0.7437272503513137 -0.033844323609862476 0.040531999947108696
8.746379709166142 0.9111399015245729 0.3127963816681645 0.10909953501344255
8.81421080158432 0.6421919512834522 -0.00577734119794628 0.02947326829947531
8.771198207476846 0.8800563834050098 0.4276747461042726 0.07549422488080156
9.181666168153138 0.22151631991587065 0.26168821212535165 0.028485515387230376
8.978944723515783 0.564176911120319 0.21869806663461588 0.034934496181062466
8.889893582418434 0.5094836894072583 0.19057943062263352 0.0394994242906053
8.811818122774143 0.6735777547083551 -0.08381554822741318 0.10587085278736627
8.919763662736102 0.603224086060778 0.16648492963564365 0.0988044856689655
8.84509869251982 0.5971661231032008 0.18592297477299335 0.09382134912668896
8.805901942451836 0.6100254150685025 -0.09098501611658981 0.09735366296793788
8.706577951815362 0.8175314881209609 0.42172227781515664 0.0303200814600282
8.747626308791675 0.9964714426946741 0.20954508688663195 0.08074806368450596
8.93381380620404 0.33485380249181834 0.013504445834250759 0.03202415459931967
9.113995450959248 0.19022143307056336 0.0777115345009021 0.05025107048488194
8.89477396488146 0.5059152448364206 0.17500883599255068 0.082067062795151
8.91557975063221 0.7884674183097009 0.27761590316545937 0.029345130951745745
8.801294437770371 0.9099055325616658 0.23011165592686575 0.04371816621694445
8.766008744120617 0.8806385202320312 -0.21499247754556744 0.26520037786520534
8.95209304540251 0.652014038264149 0.37935481604684357 0.09023086094930871
8.969930331046854 0.6217520744040469 -0.06497945188480223 0.04983385140033913
8.950439197646313 0.651102317109358 0.4187135801634266 0.09007542519003761
8.792036783291852 0.49899491920833383 -0.031598267563296235 0.052577433823747376
8.965820123564363 0.35739777299495973 0.058846931493096714 0.03432093168848891
8.94919253788578 0.5374134503170157 0.22038152630957816 0.03340072243595236
8.81250908285276 0.7494016058543511 0.25652458603259737 0.05058957333854087
8.803009846909372 0.81156913208442 0.10328392043738255 0.027628301563584534
8.94702528075078 0.5037166809169785 0.22196373957678547 0.025757538905713005
8.924720737822478 0.5182416502545971 0.09900078097135985 0.09058967049798139
9.383699105276328 0.1061420833241545 0.1460272855769793 0.049122141640415784
8.902247724492288 0.5602790942606416 0.2690055771657437 0.03842590518004071
8.790569883497811 0.8771782268194942 0.27844940530674994 0.027459835215357473
8.943796839477061 0.4989362230039208 0.3124951468667627 0.019566466594522214
9.102997227361318 0.3174880640017447 0.11973959755851335 0.04167647458123888
8.691189319173446 0.8723060295125283 -0.03774907862965348 0.04750155821353606
8.907217450538903 0.6037423021160233 0.4299432116880614 0.09046788388357131
8.860713288384334 0.8105929425681035 0.35907473686975777 0.046646563971505836
8.778476362829416 0.5770390658794886 0.06241090203376398 0.045035451904364115
9.268213815654802 0.161202019425839 -0.12998736612117381 0.061066339952208615
8.926015373862093 0.6816659050729049 0.47396976944451397 0.023376650984974198
9.17025576305594 0.2836667751887235 0.07687355712585758 0.07773453616800065
9.284218572543672 0.2705962241091803 0.20543229275484476 0.08467294931259757
9.404462041067207 0.11827489394533865 0.29199920316211386 0.060319140628976566
8.735790824129424 0.627810895482432 0.4555525746832605 0.030161837004311253
8.985964810695009 0.41361706891359246 0.14643814739569325 0.037158765202370825
8.836176715039219 0.7655981696960839 0.2410439841495156 0.0450546081403413
9.007890379039251 0.3844639837752733 0.07227323656618051 0.037384127829299556
9.224837042778345 0.1569935169518893 0.017602753994279876 0.25795666232044573
8.990633037768385 0.5176102792510645 0.26547305786678255 0.02288205711200533
9.120971442553246 0.308995105725088 0.37360921999256635 0.08756791127665531
8.853257525790426 0.5866045452654476 0.34684799539440875 0.10210508549926198
9.189654363962923 0.1967716140414544 0.12347383104008322 0.10326183062776506
9.294406887872267 0.12603708301276534 0.05469859116404554 0.03755073251638271
8.758084357749102 0.7058478596066268 0.14355873289324492 0.0485892212540101
8.994950183580062 0.28969658913511387 0.3369025466662232 0.03786654813950715
9.138614576403656 0.2707890372965591 0.17904472617300665 0.02399717021846189
9.080295488080955 0.3124431961170241 0.029780198419619246 0.06376842019603181
9.125766909751198 0.35906228764815823 0.22330807414491727 0.034679344537163564
8.817217617319862 0.6985394834440406 0.2441343172497544 0.05880107627289825
8.865549564079572 0.6005735662117646 0.543438515546616 0.2393183594839734
8.787190724220372 0.7568491570276268 0.15992219028132887 0.2891175001107714
8.974528411599426 0.4187804420564244 -0.08287732361081465 0.0344645389053839
9.166973005815116 0.28799226707042336 0.34344818853424597 0.014812349587048931
8.938064430712798 0.5361381448109744 0.3247810537893907 0.04653646766459705
9.136239932151748 0.34425590742943535 0.2947387463009892 0.041123562987150517
8.876066034379207 0.652335035374509 0.22992963432967217 0.019030768983675724
8.832564352778498 0.6489623356242695 0.19533139987600107 0.03414864096494146
9.021975896629337 0.4015210959209462 0.2550566087898591 0.08516669681567929
8.7618271796767 0.8190349726978178 0.4133273338525215 0.01719378793019439
8.874531485855229 0.5350993453272226 0.4444540351162511 0.012206796650978902
8.875278626682462 0.7183688859213573 0.4244704073760614 0.05602943622558342
8.8301763668566 0.5403901250112968 -0.030843689467109525 0.2652489270048161
8.907217443006777 0.45783620325538443 0.19024611243540246 0.06941290329743313
8.764189514908944 0.6914152572022771 0.23835095459974048 0.030219815974329312
8.802437411680733 0.557753193073554 0.06696493211460589 0.06164135195906479
9.02701117687643 0.32440602472775687 -0.02445716949197246 0.03041562390690299
8.953659435326397 0.44269486000043834 0.18914046257048378 0.034236420691116556
9.03312422136106 0.4012705928258695 0.26101535654933034 0.021045303636872268
8.984413717576885 0.3934764665134775 0.25358226225927794 0.0344748455547379
8.889926724111277 0.5918240964089981 0.28241429276688335 0.04015559614784879
8.947901768584524 0.5225068142679489 0.28634461015201457 0.11493838679437568
8.907178941498303 0.4705083967626014 0.19609717168713525 0.01834774387963269
8.906924000164578 0.5281224718974536 -0.004305694553985104 0.2615594175970908
8.84551247692182 0.5099944706113382 0.14088794297947826 0.029046968277776457
9.05512559823191 0.3802320089495904 0.11875216091757951 0.03277146481692863
