10.236298742859828 0.8198338495142634 1.8624191790182545 0.0716113775519832
10.304397184195421 0.7340350429528605 2.2239827403959294 0.034927865654081354
10.309363922555933 0.5274670862197987 2.3481101878733175 0.04109738715408698
10.578791271469637 0.7350888286159395 2.11802184113422 0.06876039528208971
10.333963721877877 0.5658768975896553 2.2034408199757998 0.036206464511903146
10.214808518613772 0.416383587432191 1.9474935003073282 0.053593097226656505
9.86119508555361 0.5366698087674487 1.9195837667530662 0.04832202502322427
10.599235562068985 0.2507553277793903 2.305902901954494 0.02114250246469566
10.762940527575637 0.3232623054846195 2.4135611866274456 0.03748801611218725
10.754996007081514 0.13627296736778582 2.411620137510213 0.024951691811894466
10.63406382707784 0.25889559500490256 2.463082770713344 0.02168197876011882
10.338622756687304 0.2992174628006821 2.2038649501584784 0.04179145851110195
10.14321016238761 0.30064970326431034 2.062840458464781 0.08437737263829495
10.540005770383152 0.20148051072011433 2.3158783106343734 0.029247551727592774
10.64244883223516 0.35149439861540294 2.3330670667028857 0.06857183536027792
10.629960300643555 0.4889161565714747 1.9394945795333614 0.04801306721145329
10.225073445219186 1.1095833070335073 2.37654764462843 0.2686299492481977
10.512518896773038 0.2690224291994411 2.491448089803353 0.049388619077980846
10.505057260530563 0.4128903269240291 2.054645246446314 0.03691545655861668
10.369112078458512 0.5802604640885024 2.224045633831783 0.058506734204326644
10.77694495567318 0.15205347703569475 2.2840601593286127 0.03357414528812037
10.449704333025682 0.525223085338229 1.951987275406628 0.04833777262220127
10.533374792928287 0.5019448708887511 2.164489220350947 0.2630474509320882
10.749487432980823 0.3180871260840275 2.2251028037703606 0.04785231466029185
10.283539138995508 0.8386739117090898 1.8639211165840437 0.05909485697749169
10.445764596127969 0.48450678616638854 2.0853868793407173 0.04385979455450537
10.50558903434535 0.24846488386508522 2.4439400466727776 0.03581762537134359
10.577496333470844 0.735746182813525 2.158606459987 0.046346598397048556
10.591593892497142 0.606767344089793 2.339359416723134 0.02119007961434503
10.566248913639527 0.19036998838758562 2.331980964268535 0.03288599271583684
10.554159013180433 0.6384499214579842 2.2355443083657502 0.05817687712094005
10.576280685097329 0.5305617707766179 2.054887265538038 0.0390320687965859
10.35056913167639 0.3997165985249362 2.3235828115518817 0.031846833499989576
10.378780782563823 0.29964144511570817 2.3040648322937245 0.03863407044526467
10.40750109775271 0.3317172357909131 1.8582326098822193 0.2529270654070657
10.295630381495432 0.5917808007995793 2.2233856517010007 0.06814457035005494
10.140910464692498 0.9830317795335125 2.244320920821137 0.03261047900122233
10.62483370244805 0.5252954156233224 2.19586181839483 0.03671067787339507
10.396413889353367 0.5073199946764194 2.411664832697241 0.053202762496726605
10.280162933550674 0.3968640774314359 2.1385072739166726 0.050879141983360625
10.667031365279461 0.40967027401173084 2.3381093884486135 0.1034266966575352
10.132134121672657 0.6132380694880021 2.0173266893954405 0.046615947052334857
10.263922064612293 0.44983621768610343 2.1229205830893845 0.03213400020842482
10.719572256866739 0.08640751530671115 2.1894239416416132 0.0719148242329117
10.578755186626006 0.41948894626869954 2.034156282776841 0.040663934168052245
10.77077589228705 0.19804366882288915 2.4500473861705987 0.03530040847682542
10.612243155394841 0.31486209107636304 2.0236181955749175 0.029213032166823125
10.485091419381734 0.3277994532667691 2.3452323034031255 0.05532147778153732
10.719344029605963 0.32237672160635916 2.291922219849729 0.021018073631736845
10.159748162569892 0.8742115714039137 2.252883230072007 0.03323108716380191
10.38260304134354 0.3451832205193692 2.193809863404574 0.03783086966850562
10.17453077976017 0.2876746236050228 2.3013103981635523 0.23462292711872787
10.175380242878333 0.37948327248085034 2.204497595072416 0.028627308397954472
10.644849249494863 0.3772373976328874 2.0150762597666882 0.0402160289412335
10.442634772672763 0.4801351092481116 2.19683091395296 0.03098663780506182
10.255947892692431 0.4462246014776581 1.9076763697161347 0.08512368801492598
10.423703871462711 0.200774197708579 1.9442568504908286 0.27943133993305264
10.637823938935128 0.15149071431115863 2.3024757967394214 0.03729950121980126
10.871765147457147 0.20622292135254544 2.5307307831685604 0.007777221725968529
10.741869704229975 0.1670065720021605 2.1140586735771962 0.02978318733649957
10.36705049989366 0.32653721297031235 2.159839672302607 0.047596411762318075
10.232309318366319 0.38429388249854335 2.257762948906742 0.03808911549751409
10.564438630786979 0.22204214401782993 2.3772536136147537 0.04429035800138297
10.658982052567444 0.12690049587807534 2.1790570669716645 0.04671589118896953
10.601579725018137 0.4110702781429613 2.110822263541101 0.04938071478394377
10.253867010632852 0.2796714141933054 2.189576204571495 0.0637878529495175
10.295203888180449 0.5409702540633194 2.2275687894509026 0.05560770233854139
9.973508250470111 0.4969236651201752 2.2359743964279453 0.07206759740416216
10.499232287303212 0.20181185102703858 2.0773340800785545 0.045498827018682735
9.57073194780455 0.8855688332909242 2.0697249637218325 0.08141570844213541
10.595178860414304 0.18431517732013036 2.196132169118729 0.044131050591492194
10.676600165683036 0.38485777304027136 2.336650313490842 0.029819261379209844
10.212545413691496 0.41738141156856523 2.2738738375183147 0.026676881023768275
10.191476673493524 0.4970365565884042 1.9365000136660306 0.0477963028988079
10.501888234761674 0.1781626466241737 2.3899595982519157 0.01881971363790124
10.560515130427081 0.18535666252603347 2.3945045905339892 0.027472865757443673
10.014780169557117 1.3484335516145458 2.4987894727521085 0.008977574990790525
10.363716978265307 0.464882953971832 2.104579403268961 0.038792163129875525
10.220659890029616 0.4504322711713019 2.2077704179376947 0.04099498812682445
10.050082201781981 0.3152554344714147 2.2527793651313095 0.03814808922028889
10.194378932687412 0.5163491648721498 2.290468589505518 0.040545269166058356
10.536052141930028 0.17854936725127152 2.1951667629109877 0.054908638610524876
10.556898600855625 0.7247686155079817 2.07200382714297 0.03812850990607702
10.765774961864231 0.34212560494249133 2.3516937735786754 0.03645399726519007
10.568766305323567 0.22395534918059376 2.068164217254425 0.05912182914850187
10.156342665633632 0.35460719498939464 2.2929051574282604 0.03829847474237746
10.224772882923064 0.46341528445757496 2.0683314885148008 0.08157337876037697
10.225962560846964 0.44501836270306144 2.2164381009603873 0.045223535837857716
10.862303313580924 0.2062871869970236 2.341358076341727 0.047047248867859534
10.625358572238744 0.2396041252356413 2.2898001316829006 0.036716902950091355
10.167133181017538 0.9885416027502069 1.819767215832198 0.10296738853582031
10.339208743092689 0.24489278232533732 2.287372339455306 0.09923235366666436
10.281971241557187 0.31369946571300306 2.3253453740362175 0.0404356842492451
10.358427429840098 0.20431485585167858 2.382046808019526 0.10526580320912216
10.137975938501972 0.23944100139848518 2.1532909613927167 0.08863835058991773
10.175392837285457 0.3047037911786649 2.2534358377562067 0.07094086347217811
10.462184324170567 0.3060877181661789 2.127912089177543 0.032667043343565905
10.426760830686062 0.5133603285522605 2.2552808332230185 0.04965016630694291
10.436074765561694 0.7643317348762765 2.3748255614202325 0.041404541072345494
10.624214510873239 0.10059217345423488 2.302155387801089 0.02321317391335511
9.921810127073186 1.2505570190599806 2.132200953596115 0.04037629242292572
10.543351812211553 0.19865268076617368 1.776863859367099 0.06575209194171075
9.929857374883237 0.30685486743721546 2.207762709827029 0.0920432924911482
10.444388385336405 1.0538290507110781 1.8852192369732714 0.06788272790960571
10.697904629430539 0.4504219012111848 2.050635408094274 0.03930738631541573
10.25487709841304 0.2738139457466884 2.332663985909422 0.06550519463989897
10.535994604753249 0.2065310130113795 2.2756951605327127 0.09152633405891701
10.770397888219128 0.2880951849439027 1.9804987325042218 0.047437907690968596
10.065256774583846 0.5126883750708564 2.2121740533595933 0.03029248024814728
10.452059465456417 0.233336231388514 2.2768813448141247 0.03202095655569385
10.287492131925735 0.6499842391723221 2.335799899088162 0.01302138946831846
10.502527934973227 0.3333640180175682 2.5304257646247343 0.027203619137731422
10.000355907251024 0.7098243297352487 2.175606850320611 0.038391133114757454
10.850611844076536 0.1262883468144022 2.099617011775568 0.05770655582306594
10.441781101423885 0.23899588979658665 2.2215923534252693 0.03111289452746941
10.841478818048348 0.23044948735309784 2.018431524519536 0.05091445585498081
10.037393480999159 0.2614063776754827 2.2111181633750205 0.029365336321174468
10.471339831414184 0.1674267287837804 2.213326285361726 0.03643871498915445
10.255092610739696 0.23742361449357938 2.216356410713429 0.07856442240499988
9.998705660670282 0.278099074510257 2.375811662436975 0.09239718786932877
10.325544633951191 0.28990515537787115 2.418790463661291 0.0683670600238798
10.331099462691212 0.23425805230608182 2.273306927865699 0.04917570115400593
10.802552009777317 0.19035848515270906 2.41653462034464 0.04687026268859123
10.016141994359298 1.0972778573425221 1.9906605601444676 0.045068213367527685
10.496820619596004 0.06531647466142201 1.9772613792877067 0.0372286937538211
10.465552217334379 0.3473015177570885 2.413571106380483 0.046130282126873326
10.519987945809678 0.23818262243764804 2.4383403005960815 0.011963543026675173
10.199704426102137 0.3584059177589228 2.271072032580889 0.04022533742407973
10.226505077806038 0.39096872111796704 2.2867046742223285 0.022360001493633933
10.375753190920745 0.30474287857096094 2.1137435843000696 0.04108706370626332
10.533849016017632 0.20194699527859877 1.83070028331902 0.05005872687928867
10.458155742404045 0.16994347551884983 1.9218961570270754 0.03916344194271639
10.96715511821086 0.21614009168356335 2.5263373784282868 0.059056508321766524
10.443709817029886 0.7311449919680937 2.1054847669475785 0.043158459621787174
10.260168203288092 0.37080044115593186 2.2381715524192476 0.03246991293394952
10.015342484786055 0.4226275370148148 2.2815854633550763 0.03247891023351622
10.672117513785292 0.21866938544990602 2.2684888369422564 0.03795326730907613
10.566546794818425 0.20069846414501927 2.2826141822000503 0.026264755564747753
10.754100816663327 0.20199764984758 2.243367380879671 0.08641609430323957
10.500866348911025 0.22523183679735462 2.356437123118349 0.059316010351913466
10.569266358896709 0.2616965076198021 2.255044066512109 0.03753918842152358
10.80367455945885 0.29360252929396413 2.2931790718046554 0.03638962126670624
10.63085238660728 0.23238861816082085 2.2824021397592458 0.028224887619280093
10.270201916765718 0.2999489293507817 1.9661556763901376 0.040531999947108696
10.192492688461506 0.36987507958455956 1.9942226588020537 0.029473268299475313
10.280312136819093 0.17809036042581325 2.4276747461042727 0.07549422488080156
10.647852917213545 0.8893203441730801 2.261688212125352 0.02848551538723038
10.804191601400563 0.17736164058281004 2.218698066634616 0.03493449618106247
10.11044601379706 0.5392772999512027 2.1905794306226336 0.0394994242906053
10.458973544778166 0.1835142791150126 1.9161844517725868 0.10587085278736626
10.353502628427991 0.18365622295018738 2.1664849296356437 0.0988044856689655
10.339369232689393 0.22995320023602936 2.1859229747729936 0.09382134912668896
9.901499107625016 0.31807949897290694 1.9090149838834103 0.09735366296793789
10.476783562419024 0.21676232618110075 2.209545086886632 0.08074806368450597
10.362775108932416 0.598232304602557 2.0135044458342506 0.03202415459931967
10.85388959643562 0.22013623384504444 2.077711534500902 0.050251070484881935
9.792877716440865 0.30537908987386614 2.175008835992551 0.08206706279515098
10.784456497797649 0.3776470494595943 2.2776159031654593 0.029345130951745745
10.598673914709394 0.3512145229243016 2.2301116559268657 0.04371816621694445
10.589031620372266 0.3757129281524553 1.7850075224544326 0.2652003778652054
10.777298653683665 0.21111544147178338 1.9350205481151979 0.04983385140033913
10.498588214765133 0.1975607556404962 2.4187135801634265 0.09007542519003763
10.076738819206875 1.1801335040059548 2.058846931493097 0.03432093168848891
10.5357075208895 0.2910517900315792 2.2203815263095783 0.033400722435952365
10.45064328446709 0.23407969785449628 2.2565245860325973 0.050589573338540875
10.451535334089671 0.15511182494029307 2.1032839204373825 0.02762830156358454
10.34549140233486 0.34894606748889584 2.2219637395767853 0.025757538905713005
10.115743466007102 0.35175999301098837 2.09900078097136 0.09058967049798139
10.374526136004555 1.1599363285900688 2.1460272855769795 0.049122141640415784
10.382622859559232 0.2423530133693349 2.2690055771657436 0.03842590518004071
10.493854005924257 0.18939005364878023 2.27844940530675 0.027459835215357473
10.427725676876534 0.6191456150611903 2.312495146866763 0.01956646659452221
10.455046907852434 0.7360690729717346 2.1197395975585134 0.041676474581238875
10.39298912381255 0.12051216830512591 2.4299432116880615 0.09046788388357131
10.683422044554463 0.8726683966483444 1.870012633878826 0.061066339952208615
10.605389028181158 0.21914134099938445 2.4739697694445137 0.023376650984974198
10.65113830565606 0.6675219553481553 2.0768735571258574 0.07773453616800065
10.353000553146078 0.5515732582464425 2.205432292754845 0.08467294931259756
10.872420134806505 0.9036284002245314 2.291999203162114 0.060319140628976566
10.600372282060714 0.4343274640020156 2.4555525746832605 0.030161837004311257
10.468486034019268 0.35332498722531486 2.1464381473956933 0.037158765202370825
10.45818850154568 0.6420317525492322 2.0722732365661805 0.03738412782929956
11.055398719943067 0.24983353754362797 2.01760275399428 0.2579566623204457
10.468167913726976 0.28235495393471927 2.2654730578667825 0.022882057112005333
9.900707913472706 0.5032815008826229 2.3736092199925665 0.08756791127665532
10.130145248307658 0.3092172983991677 2.3468479953944086 0.10210508549926198
10.057754517616475 0.530424518479909 2.123473831040083 0.10326183062776506
10.531166961462175 1.0470314219266905 2.0546985911640454 0.03755073251638271
9.96277606322149 0.29597094994540096 2.143558732893245 0.0485892212540101
10.839602643007547 0.26058877318800927 2.179044726173007 0.02399717021846189
10.69678384019064 0.6451196542522072 2.029780198419619 0.06376842019603181
10.559750058063136 0.6781544041898286 2.223308074144917 0.034679344537163564
10.578096485588453 0.20555030351124007 2.2441343172497543 0.05880107627289825
10.281250053216084 0.26225280322580585 2.543438515546616 0.23931835948397337
10.488306272756171 0.5525560007557214 1.9171226763891853 0.0344645389053839
10.70700272297118 0.5323422754454609 2.343448188534246 0.014812349587048933
10.403538752058273 0.3223518210913505 2.324781053789391 0.04653646766459705
10.608423007487458 0.37061686302122837 2.294738746300989 0.041123562987150517
10.472306789656885 0.22016094398254937 2.229929634329672 0.019030768983675728
10.424535958074024 0.2530065618146887 2.195331399876001 0.03414864096494147
10.195800764680566 0.40498983584578896 2.255056608789859 0.08516669681567929
10.135901317679293 0.571184844038329 2.444454035116251 0.012206796650978902
10.684058648599208 0.20493809928937423 2.4244704073760612 0.05602943622558342
9.922007684661649 0.6727792363249258 1.9691563105328904 0.2652489270048161
10.162128378397588 0.6280286249607526 2.1902461124354025 0.06941290329743313
10.22238073039768 0.404552493089406 2.2383509545997406 0.030219815974329316
10.110228969269125 0.3899232629505005 2.066964932114606 0.06164135195906479
10.649733578946286 0.39836451965230807 1.9755428305080276 0.03041562390690299
10.52092205994567 0.40865754023323175 2.189140462570484 0.034236420691116556
10.680545459319942 0.31083277187823577 2.2610153565493305 0.021045303636872268
10.79320080560062 0.06714518128769437 2.253582262259278 0.0344748455547379
10.167760179558767 0.3599197085406573 2.2824142927668833 0.04015559614784879
10.071841106909105 0.36143259070821526 2.2863446101520144 0.1149383867943757
9.95166052764937 0.4145442508637583 1.9956943054460148 0.2615594175970908
10.08892198809017 0.44718754676858513 2.1408879429794783 0.029046968277776457
10.436732156053239 0.966133571067418 2.1187521609175795 0.032771464816928636
